,no_ask,no_bid,open_interest,ts,volume,yes_ask,yes_bid,yes_price,discriminator,market_ticker,strike_type,cap_strike,floor_strike,custom_strike,subtitle,status,time_stamp,date
0,96,0,0,1666211618,0.0,100,4,0,,WTI-22OCT20-T82,less,81.99,,,$81.99 or lower,finalized,2022-10-19 20:33:38,2022-10-19
1,96,0,0,1666211623,0.0,100,4,0,,WTI-22OCT20-B82.5,between,82.99,82.0,,$82 to 82.99,finalized,2022-10-19 20:33:43,2022-10-19
2,96,0,0,1666211629,0.0,100,4,0,,WTI-22OCT20-B83.5,between,83.99,83.0,,$83 to 83.99,finalized,2022-10-19 20:33:49,2022-10-19
3,78,0,0,1666211641,0.0,100,22,0,,WTI-22OCT20-B84.5,between,84.99,84.0,,$84 to 84.99,finalized,2022-10-19 20:34:01,2022-10-19
4,85,0,0,1666211647,0.0,100,15,0,,WTI-22OCT20-B85.5,between,85.99,85.0,,$85 to 85.99,finalized,2022-10-19 20:34:07,2022-10-19
5,89,0,0,1666211653,0.0,100,11,0,,WTI-22OCT20-B86.5,between,86.99,86.0,,$86 to 86.99,finalized,2022-10-19 20:34:13,2022-10-19
6,85,0,0,1666211665,0.0,100,15,0,,WTI-22OCT20-B87.5,between,87.99,87.0,,$87 to 87.99,finalized,2022-10-19 20:34:25,2022-10-19
7,96,0,0,1666211670,0.0,100,4,0,,WTI-22OCT20-B88.5,between,88.99,88.0,,$88 to 88.99,finalized,2022-10-19 20:34:30,2022-10-19
8,93,0,0,1666211677,0.0,100,7,0,,WTI-22OCT20-B89.5,between,89.99,89.0,,$89 to 89.99,finalized,2022-10-19 20:34:37,2022-10-19
9,96,0,0,1666211682,0.0,100,4,0,,WTI-22OCT20-T89.99,greater,,90.0,,$90 or higher,finalized,2022-10-19 20:34:42,2022-10-19
10,95,0,0,1666212405,0.0,100,5,0,,WTI-22OCT20-B82.5,between,82.99,82.0,,$82 to 82.99,finalized,2022-10-19 20:46:45,2022-10-19
11,96,87,0,1666212405,0.0,13,4,0,,WTI-22OCT20-B83.5,between,83.99,83.0,,$83 to 83.99,finalized,2022-10-19 20:46:45,2022-10-19
12,92,87,0,1666212405,0.0,13,8,0,,WTI-22OCT20-B83.5,between,83.99,83.0,,$83 to 83.99,finalized,2022-10-19 20:46:45,2022-10-19
13,91,87,0,1666212405,0.0,13,9,0,,WTI-22OCT20-B83.5,between,83.99,83.0,,$83 to 83.99,finalized,2022-10-19 20:46:45,2022-10-19
14,95,90,5,1666212405,5.0,10,5,15,,WTI-22OCT20-B87.5,between,87.99,87.0,,$87 to 87.99,finalized,2022-10-19 20:46:45,2022-10-19
15,94,90,5,1666212405,0.0,10,6,15,,WTI-22OCT20-B87.5,between,87.99,87.0,,$87 to 87.99,finalized,2022-10-19 20:46:45,2022-10-19
16,98,93,5,1666212405,5.0,7,2,7,,WTI-22OCT20-B89.5,between,89.99,89.0,,$89 to 89.99,finalized,2022-10-19 20:46:45,2022-10-19
17,96,77,0,1666212405,0.0,23,4,0,,WTI-22OCT20-T82,less,81.99,,,$81.99 or lower,finalized,2022-10-19 20:46:45,2022-10-19
18,86,77,0,1666212405,0.0,23,14,0,,WTI-22OCT20-T82,less,81.99,,,$81.99 or lower,finalized,2022-10-19 20:46:45,2022-10-19
19,85,77,0,1666212405,0.0,23,15,0,,WTI-22OCT20-T82,less,81.99,,,$81.99 or lower,finalized,2022-10-19 20:46:45,2022-10-19
20,83,77,0,1666212405,0.0,23,17,0,,WTI-22OCT20-T82,less,81.99,,,$81.99 or lower,finalized,2022-10-19 20:46:45,2022-10-19
21,83,79,0,1666212405,0.0,21,17,0,,WTI-22OCT20-T82,less,81.99,,,$81.99 or lower,finalized,2022-10-19 20:46:45,2022-10-19
22,95,0,0,1666212405,0.0,100,5,0,,WTI-22OCT20-T89.99,greater,,90.0,,$90 or higher,finalized,2022-10-19 20:46:45,2022-10-19
23,94,0,0,1666212405,0.0,100,6,0,,WTI-22OCT20-T89.99,greater,,90.0,,$90 or higher,finalized,2022-10-19 20:46:45,2022-10-19
24,94,90,0,1666212405,0.0,10,6,0,,WTI-22OCT20-T89.99,greater,,90.0,,$90 or higher,finalized,2022-10-19 20:46:45,2022-10-19
25,93,90,0,1666212405,0.0,10,7,0,,WTI-22OCT20-T89.99,greater,,90.0,,$90 or higher,finalized,2022-10-19 20:46:45,2022-10-19
26,98,95,5,1666212406,0.0,5,2,7,,WTI-22OCT20-B89.5,between,89.99,89.0,,$89 to 89.99,finalized,2022-10-19 20:46:46,2022-10-19
27,93,0,0,1666212407,0.0,100,7,0,,WTI-22OCT20-B82.5,between,82.99,82.0,,$82 to 82.99,finalized,2022-10-19 20:46:47,2022-10-19
28,93,88,0,1666212407,0.0,12,7,0,,WTI-22OCT20-B82.5,between,82.99,82.0,,$82 to 82.99,finalized,2022-10-19 20:46:47,2022-10-19
29,93,89,0,1666212407,0.0,11,7,0,,WTI-22OCT20-B82.5,between,82.99,82.0,,$82 to 82.99,finalized,2022-10-19 20:46:47,2022-10-19
30,93,90,0,1666212407,0.0,10,7,0,,WTI-22OCT20-B82.5,between,82.99,82.0,,$82 to 82.99,finalized,2022-10-19 20:46:47,2022-10-19
31,90,81,5,1666212407,5.0,19,10,22,,WTI-22OCT20-B84.5,between,84.99,84.0,,$84 to 84.99,finalized,2022-10-19 20:46:47,2022-10-19
32,89,81,5,1666212407,0.0,19,11,22,,WTI-22OCT20-B84.5,between,84.99,84.0,,$84 to 84.99,finalized,2022-10-19 20:46:47,2022-10-19
33,89,85,5,1666212407,0.0,15,11,22,,WTI-22OCT20-B84.5,between,84.99,84.0,,$84 to 84.99,finalized,2022-10-19 20:46:47,2022-10-19
34,91,85,5,1666212407,5.0,15,9,15,,WTI-22OCT20-B85.5,between,85.99,85.0,,$85 to 85.99,finalized,2022-10-19 20:46:47,2022-10-19
35,90,85,5,1666212407,0.0,15,10,15,,WTI-22OCT20-B85.5,between,85.99,85.0,,$85 to 85.99,finalized,2022-10-19 20:46:47,2022-10-19
36,89,85,5,1666212407,0.0,15,11,15,,WTI-22OCT20-B85.5,between,85.99,85.0,,$85 to 85.99,finalized,2022-10-19 20:46:47,2022-10-19
37,89,85,0,1666212407,0.0,15,11,0,,WTI-22OCT20-B86.5,between,86.99,86.0,,$86 to 86.99,finalized,2022-10-19 20:46:47,2022-10-19
38,89,86,0,1666212407,0.0,14,11,0,,WTI-22OCT20-B86.5,between,86.99,86.0,,$86 to 86.99,finalized,2022-10-19 20:46:47,2022-10-19
39,89,87,0,1666212407,0.0,13,11,0,,WTI-22OCT20-B86.5,between,86.99,86.0,,$86 to 86.99,finalized,2022-10-19 20:46:47,2022-10-19
40,96,93,0,1666212407,0.0,7,4,0,,WTI-22OCT20-B88.5,between,88.99,88.0,,$88 to 88.99,finalized,2022-10-19 20:46:47,2022-10-19
41,94,90,0,1666212474,0.0,10,6,0,,WTI-22OCT20-T89.99,greater,,90.0,,$90 or higher,finalized,2022-10-19 20:47:54,2022-10-19
42,94,90,0,1666212588,0.0,10,6,0,,WTI-22OCT20-B82.5,between,82.99,82.0,,$82 to 82.99,finalized,2022-10-19 20:49:48,2022-10-19
43,85,79,0,1666212589,0.0,21,15,0,,WTI-22OCT20-T82,less,81.99,,,$81.99 or lower,finalized,2022-10-19 20:49:49,2022-10-19
44,93,90,0,1666212590,0.0,10,7,0,,WTI-22OCT20-B82.5,between,82.99,82.0,,$82 to 82.99,finalized,2022-10-19 20:49:50,2022-10-19
45,83,79,0,1666212590,0.0,21,17,0,,WTI-22OCT20-T82,less,81.99,,,$81.99 or lower,finalized,2022-10-19 20:49:50,2022-10-19
46,86,79,0,1666212685,0.0,21,14,0,,WTI-22OCT20-T82,less,81.99,,,$81.99 or lower,finalized,2022-10-19 20:51:25,2022-10-19
47,96,79,0,1666212686,0.0,21,4,0,,WTI-22OCT20-T82,less,81.99,,,$81.99 or lower,finalized,2022-10-19 20:51:26,2022-10-19
48,87,79,0,1666212687,0.0,21,13,0,,WTI-22OCT20-T82,less,81.99,,,$81.99 or lower,finalized,2022-10-19 20:51:27,2022-10-19
49,84,79,0,1666212688,0.0,21,16,0,,WTI-22OCT20-T82,less,81.99,,,$81.99 or lower,finalized,2022-10-19 20:51:28,2022-10-19
50,93,90,0,1666212688,0.0,10,7,0,,WTI-22OCT20-T89.99,greater,,90.0,,$90 or higher,finalized,2022-10-19 20:51:28,2022-10-19
51,98,94,5,1666212768,0.0,6,2,7,,WTI-22OCT20-B89.5,between,89.99,89.0,,$89 to 89.99,finalized,2022-10-19 20:52:48,2022-10-19
52,93,89,0,1666212768,0.0,11,7,0,,WTI-22OCT20-T89.99,greater,,90.0,,$90 or higher,finalized,2022-10-19 20:52:48,2022-10-19
53,93,88,0,1666212768,0.0,12,7,0,,WTI-22OCT20-T89.99,greater,,90.0,,$90 or higher,finalized,2022-10-19 20:52:48,2022-10-19
54,98,93,5,1666212769,0.0,7,2,7,,WTI-22OCT20-B89.5,between,89.99,89.0,,$89 to 89.99,finalized,2022-10-19 20:52:49,2022-10-19
55,95,90,0,1666212771,0.0,10,5,0,,WTI-22OCT20-B82.5,between,82.99,82.0,,$82 to 82.99,finalized,2022-10-19 20:52:51,2022-10-19
56,93,89,0,1666212773,0.0,11,7,0,,WTI-22OCT20-T89.99,greater,,90.0,,$90 or higher,finalized,2022-10-19 20:52:53,2022-10-19
57,94,90,0,1666212775,0.0,10,6,0,,WTI-22OCT20-B82.5,between,82.99,82.0,,$82 to 82.99,finalized,2022-10-19 20:52:55,2022-10-19
58,98,94,5,1666212775,0.0,6,2,7,,WTI-22OCT20-B89.5,between,89.99,89.0,,$89 to 89.99,finalized,2022-10-19 20:52:55,2022-10-19
59,94,89,5,1666212825,0.0,11,6,15,,WTI-22OCT20-B87.5,between,87.99,87.0,,$87 to 87.99,finalized,2022-10-19 20:53:45,2022-10-19
60,93,90,0,1666212827,0.0,10,7,0,,WTI-22OCT20-B82.5,between,82.99,82.0,,$82 to 82.99,finalized,2022-10-19 20:53:47,2022-10-19
61,98,95,5,1666212827,0.0,5,2,7,,WTI-22OCT20-B89.5,between,89.99,89.0,,$89 to 89.99,finalized,2022-10-19 20:53:47,2022-10-19
62,93,90,0,1666212827,0.0,10,7,0,,WTI-22OCT20-T89.99,greater,,90.0,,$90 or higher,finalized,2022-10-19 20:53:47,2022-10-19
63,94,90,5,1666212828,0.0,10,6,15,,WTI-22OCT20-B87.5,between,87.99,87.0,,$87 to 87.99,finalized,2022-10-19 20:53:48,2022-10-19
64,89,86,0,1666212981,0.0,14,11,0,,WTI-22OCT20-B86.5,between,86.99,86.0,,$86 to 86.99,finalized,2022-10-19 20:56:21,2022-10-19
65,94,90,0,1666212981,0.0,10,6,0,,WTI-22OCT20-T89.99,greater,,90.0,,$90 or higher,finalized,2022-10-19 20:56:21,2022-10-19
66,95,90,0,1666212982,0.0,10,5,0,,WTI-22OCT20-T89.99,greater,,90.0,,$90 or higher,finalized,2022-10-19 20:56:22,2022-10-19
67,93,88,0,1666212983,0.0,12,7,0,,WTI-22OCT20-B82.5,between,82.99,82.0,,$82 to 82.99,finalized,2022-10-19 20:56:23,2022-10-19
68,92,87,0,1666212983,0.0,13,8,0,,WTI-22OCT20-B83.5,between,83.99,83.0,,$83 to 83.99,finalized,2022-10-19 20:56:23,2022-10-19
69,86,79,0,1666212983,0.0,21,14,0,,WTI-22OCT20-T82,less,81.99,,,$81.99 or lower,finalized,2022-10-19 20:56:23,2022-10-19
70,93,89,0,1666212985,0.0,11,7,0,,WTI-22OCT20-B82.5,between,82.99,82.0,,$82 to 82.99,finalized,2022-10-19 20:56:25,2022-10-19
71,91,87,0,1666212985,0.0,13,9,0,,WTI-22OCT20-B83.5,between,83.99,83.0,,$83 to 83.99,finalized,2022-10-19 20:56:25,2022-10-19
72,89,87,0,1666212985,0.0,13,11,0,,WTI-22OCT20-B86.5,between,86.99,86.0,,$86 to 86.99,finalized,2022-10-19 20:56:25,2022-10-19
73,85,79,0,1666212985,0.0,21,15,0,,WTI-22OCT20-T82,less,81.99,,,$81.99 or lower,finalized,2022-10-19 20:56:25,2022-10-19
74,83,79,0,1666212985,0.0,21,17,0,,WTI-22OCT20-T82,less,81.99,,,$81.99 or lower,finalized,2022-10-19 20:56:25,2022-10-19
75,94,90,0,1666212985,0.0,10,6,0,,WTI-22OCT20-T89.99,greater,,90.0,,$90 or higher,finalized,2022-10-19 20:56:25,2022-10-19
76,90,85,5,1666213298,0.0,15,10,22,,WTI-22OCT20-B84.5,between,84.99,84.0,,$84 to 84.99,finalized,2022-10-19 21:01:38,2022-10-19
77,96,92,0,1666213298,0.0,8,4,0,,WTI-22OCT20-B88.5,between,88.99,88.0,,$88 to 88.99,finalized,2022-10-19 21:01:38,2022-10-19
78,91,0,0,1666213300,0.0,100,9,0,,WTI-22OCT20-B83.5,between,83.99,83.0,,$83 to 83.99,finalized,2022-10-19 21:01:40,2022-10-19
79,83,75,0,1666213300,0.0,25,17,0,,WTI-22OCT20-T82,less,81.99,,,$81.99 or lower,finalized,2022-10-19 21:01:40,2022-10-19
80,83,0,0,1666213300,0.0,100,17,0,,WTI-22OCT20-T82,less,81.99,,,$81.99 or lower,finalized,2022-10-19 21:01:40,2022-10-19
81,91,86,0,1666213303,0.0,14,9,0,,WTI-22OCT20-B83.5,between,83.99,83.0,,$83 to 83.99,finalized,2022-10-19 21:01:43,2022-10-19
82,90,86,0,1666213303,0.0,14,10,0,,WTI-22OCT20-B83.5,between,83.99,83.0,,$83 to 83.99,finalized,2022-10-19 21:01:43,2022-10-19
83,89,88,0,1666213303,0.0,12,11,0,,WTI-22OCT20-B86.5,between,86.99,86.0,,$86 to 86.99,finalized,2022-10-19 21:01:43,2022-10-19
84,96,93,0,1666213303,0.0,7,4,0,,WTI-22OCT20-B88.5,between,88.99,88.0,,$88 to 88.99,finalized,2022-10-19 21:01:43,2022-10-19
85,83,78,0,1666213303,0.0,22,17,0,,WTI-22OCT20-T82,less,81.99,,,$81.99 or lower,finalized,2022-10-19 21:01:43,2022-10-19
86,89,85,5,1666213304,0.0,15,11,22,,WTI-22OCT20-B84.5,between,84.99,84.0,,$84 to 84.99,finalized,2022-10-19 21:01:44,2022-10-19
87,89,87,0,1666213430,0.0,13,11,0,,WTI-22OCT20-B86.5,between,86.99,86.0,,$86 to 86.99,finalized,2022-10-19 21:03:50,2022-10-19
88,91,86,0,1666213431,0.0,14,9,0,,WTI-22OCT20-B83.5,between,83.99,83.0,,$83 to 83.99,finalized,2022-10-19 21:03:51,2022-10-19
89,91,87,0,1666213434,0.0,13,9,0,,WTI-22OCT20-B83.5,between,83.99,83.0,,$83 to 83.99,finalized,2022-10-19 21:03:54,2022-10-19
90,91,86,0,1666213666,0.0,14,9,0,,WTI-22OCT20-B83.5,between,83.99,83.0,,$83 to 83.99,finalized,2022-10-19 21:07:46,2022-10-19
91,92,86,0,1666213667,0.0,14,8,0,,WTI-22OCT20-B83.5,between,83.99,83.0,,$83 to 83.99,finalized,2022-10-19 21:07:47,2022-10-19
92,89,83,5,1666213667,0.0,17,11,15,,WTI-22OCT20-B85.5,between,85.99,85.0,,$85 to 85.99,finalized,2022-10-19 21:07:47,2022-10-19
93,90,83,5,1666213667,0.0,17,10,15,,WTI-22OCT20-B85.5,between,85.99,85.0,,$85 to 85.99,finalized,2022-10-19 21:07:47,2022-10-19
94,94,89,5,1666213667,0.0,11,6,15,,WTI-22OCT20-B87.5,between,87.99,87.0,,$87 to 87.99,finalized,2022-10-19 21:07:47,2022-10-19
95,85,78,0,1666213667,0.0,22,15,0,,WTI-22OCT20-T82,less,81.99,,,$81.99 or lower,finalized,2022-10-19 21:07:47,2022-10-19
96,94,89,0,1666213668,0.0,11,6,0,,WTI-22OCT20-T89.99,greater,,90.0,,$90 or higher,finalized,2022-10-19 21:07:48,2022-10-19
97,91,86,0,1666213670,0.0,14,9,0,,WTI-22OCT20-B83.5,between,83.99,83.0,,$83 to 83.99,finalized,2022-10-19 21:07:50,2022-10-19
98,90,85,5,1666213670,0.0,15,10,15,,WTI-22OCT20-B85.5,between,85.99,85.0,,$85 to 85.99,finalized,2022-10-19 21:07:50,2022-10-19
99,89,85,5,1666213670,0.0,15,11,15,,WTI-22OCT20-B85.5,between,85.99,85.0,,$85 to 85.99,finalized,2022-10-19 21:07:50,2022-10-19
100,94,90,5,1666213670,0.0,10,6,15,,WTI-22OCT20-B87.5,between,87.99,87.0,,$87 to 87.99,finalized,2022-10-19 21:07:50,2022-10-19
101,83,78,0,1666213670,0.0,22,17,0,,WTI-22OCT20-T82,less,81.99,,,$81.99 or lower,finalized,2022-10-19 21:07:50,2022-10-19
102,89,88,0,1666213672,0.0,12,11,0,,WTI-22OCT20-B86.5,between,86.99,86.0,,$86 to 86.99,finalized,2022-10-19 21:07:52,2022-10-19
103,94,90,0,1666213672,0.0,10,6,0,,WTI-22OCT20-T89.99,greater,,90.0,,$90 or higher,finalized,2022-10-19 21:07:52,2022-10-19
104,98,93,5,1666213729,0.0,7,2,7,,WTI-22OCT20-B89.5,between,89.99,89.0,,$89 to 89.99,finalized,2022-10-19 21:08:49,2022-10-19
105,100,93,5,1666213730,0.0,7,0,7,,WTI-22OCT20-B89.5,between,89.99,89.0,,$89 to 89.99,finalized,2022-10-19 21:08:50,2022-10-19
106,93,88,0,1666213731,0.0,12,7,0,,WTI-22OCT20-B82.5,between,82.99,82.0,,$82 to 82.99,finalized,2022-10-19 21:08:51,2022-10-19
107,93,87,0,1666213731,0.0,13,7,0,,WTI-22OCT20-B82.5,between,82.99,82.0,,$82 to 82.99,finalized,2022-10-19 21:08:51,2022-10-19
108,94,87,0,1666213732,0.0,13,6,0,,WTI-22OCT20-B82.5,between,82.99,82.0,,$82 to 82.99,finalized,2022-10-19 21:08:52,2022-10-19
109,91,84,0,1666213732,0.0,16,9,0,,WTI-22OCT20-B83.5,between,83.99,83.0,,$83 to 83.99,finalized,2022-10-19 21:08:52,2022-10-19
110,100,85,5,1666213963,0.0,15,0,22,,WTI-22OCT20-B84.5,between,84.99,84.0,,$84 to 84.99,finalized,2022-10-19 21:12:43,2022-10-19
111,98,93,5,1666213967,0.0,7,2,7,,WTI-22OCT20-B89.5,between,89.99,89.0,,$89 to 89.99,finalized,2022-10-19 21:12:47,2022-10-19
112,98,94,5,1666213967,0.0,6,2,7,,WTI-22OCT20-B89.5,between,89.99,89.0,,$89 to 89.99,finalized,2022-10-19 21:12:47,2022-10-19
113,98,95,5,1666213967,0.0,5,2,7,,WTI-22OCT20-B89.5,between,89.99,89.0,,$89 to 89.99,finalized,2022-10-19 21:12:47,2022-10-19
114,94,89,0,1666213968,0.0,11,6,0,,WTI-22OCT20-B82.5,between,82.99,82.0,,$82 to 82.99,finalized,2022-10-19 21:12:48,2022-10-19
115,93,89,0,1666213968,0.0,11,7,0,,WTI-22OCT20-B82.5,between,82.99,82.0,,$82 to 82.99,finalized,2022-10-19 21:12:48,2022-10-19
116,91,85,5,1666213968,0.0,15,9,22,,WTI-22OCT20-B84.5,between,84.99,84.0,,$84 to 84.99,finalized,2022-10-19 21:12:48,2022-10-19
117,90,85,5,1666213968,0.0,15,10,22,,WTI-22OCT20-B84.5,between,84.99,84.0,,$84 to 84.99,finalized,2022-10-19 21:12:48,2022-10-19
118,89,85,5,1666213968,0.0,15,11,22,,WTI-22OCT20-B84.5,between,84.99,84.0,,$84 to 84.99,finalized,2022-10-19 21:12:48,2022-10-19
119,91,86,0,1666213969,0.0,14,9,0,,WTI-22OCT20-B83.5,between,83.99,83.0,,$83 to 83.99,finalized,2022-10-19 21:12:49,2022-10-19
120,90,86,0,1666214187,0.0,14,10,0,,WTI-22OCT20-B83.5,between,83.99,83.0,,$83 to 83.99,finalized,2022-10-19 21:16:27,2022-10-19
121,94,89,0,1666214325,0.0,11,6,0,,WTI-22OCT20-T89.99,greater,,90.0,,$90 or higher,finalized,2022-10-19 21:18:45,2022-10-19
122,94,90,0,1666214327,0.0,10,6,0,,WTI-22OCT20-T89.99,greater,,90.0,,$90 or higher,finalized,2022-10-19 21:18:47,2022-10-19
123,94,91,0,1666216190,0.0,9,6,0,,WTI-22OCT20-T89.99,greater,,90.0,,$90 or higher,finalized,2022-10-19 21:49:50,2022-10-19
124,89,87,0,1666216314,0.0,13,11,0,,WTI-22OCT20-B86.5,between,86.99,86.0,,$86 to 86.99,finalized,2022-10-19 21:51:54,2022-10-19
125,89,86,0,1666216314,0.0,14,11,0,,WTI-22OCT20-B86.5,between,86.99,86.0,,$86 to 86.99,finalized,2022-10-19 21:51:54,2022-10-19
126,89,87,0,1666216314,0.0,13,11,0,,WTI-22OCT20-B86.5,between,86.99,86.0,,$86 to 86.99,finalized,2022-10-19 21:51:54,2022-10-19
127,89,83,5,1666216670,0.0,17,11,22,,WTI-22OCT20-B84.5,between,84.99,84.0,,$84 to 84.99,finalized,2022-10-19 21:57:50,2022-10-19
128,89,84,5,1666216670,0.0,16,11,22,,WTI-22OCT20-B84.5,between,84.99,84.0,,$84 to 84.99,finalized,2022-10-19 21:57:50,2022-10-19
129,95,90,5,1666216963,0.0,10,5,15,,WTI-22OCT20-B87.5,between,87.99,87.0,,$87 to 87.99,finalized,2022-10-19 22:02:43,2022-10-19
130,85,78,0,1666216963,0.0,22,15,0,,WTI-22OCT20-T82,less,81.99,,,$81.99 or lower,finalized,2022-10-19 22:02:43,2022-10-19
131,90,85,5,1666216964,0.0,15,10,15,,WTI-22OCT20-B85.5,between,85.99,85.0,,$85 to 85.99,finalized,2022-10-19 22:02:44,2022-10-19
132,86,78,0,1666216964,0.0,22,14,0,,WTI-22OCT20-T82,less,81.99,,,$81.99 or lower,finalized,2022-10-19 22:02:44,2022-10-19
133,96,78,0,1666216964,0.0,22,4,0,,WTI-22OCT20-T82,less,81.99,,,$81.99 or lower,finalized,2022-10-19 22:02:44,2022-10-19
134,96,74,0,1666216964,0.0,26,4,0,,WTI-22OCT20-T82,less,81.99,,,$81.99 or lower,finalized,2022-10-19 22:02:44,2022-10-19
135,96,0,0,1666216964,0.0,100,4,0,,WTI-22OCT20-T82,less,81.99,,,$81.99 or lower,finalized,2022-10-19 22:02:44,2022-10-19
136,89,82,5,1666216965,0.0,18,11,22,,WTI-22OCT20-B84.5,between,84.99,84.0,,$84 to 84.99,finalized,2022-10-19 22:02:45,2022-10-19
137,87,0,0,1666216965,0.0,100,13,0,,WTI-22OCT20-T82,less,81.99,,,$81.99 or lower,finalized,2022-10-19 22:02:45,2022-10-19
138,94,90,0,1666216965,0.0,10,6,0,,WTI-22OCT20-T89.99,greater,,90.0,,$90 or higher,finalized,2022-10-19 22:02:45,2022-10-19
139,89,0,5,1666216966,0.0,100,11,22,,WTI-22OCT20-B84.5,between,84.99,84.0,,$84 to 84.99,finalized,2022-10-19 22:02:46,2022-10-19
140,94,90,5,1666216966,0.0,10,6,15,,WTI-22OCT20-B87.5,between,87.99,87.0,,$87 to 87.99,finalized,2022-10-19 22:02:46,2022-10-19
141,86,0,0,1666216966,0.0,100,14,0,,WTI-22OCT20-T82,less,81.99,,,$81.99 or lower,finalized,2022-10-19 22:02:46,2022-10-19
142,89,81,5,1666216967,0.0,19,11,22,,WTI-22OCT20-B84.5,between,84.99,84.0,,$84 to 84.99,finalized,2022-10-19 22:02:47,2022-10-19
143,89,85,5,1666216967,0.0,15,11,22,,WTI-22OCT20-B84.5,between,84.99,84.0,,$84 to 84.99,finalized,2022-10-19 22:02:47,2022-10-19
144,89,85,5,1666216967,0.0,15,11,15,,WTI-22OCT20-B85.5,between,85.99,85.0,,$85 to 85.99,finalized,2022-10-19 22:02:47,2022-10-19
145,84,0,0,1666216967,0.0,100,16,0,,WTI-22OCT20-T82,less,81.99,,,$81.99 or lower,finalized,2022-10-19 22:02:47,2022-10-19
146,84,79,0,1666216967,0.0,21,16,0,,WTI-22OCT20-T82,less,81.99,,,$81.99 or lower,finalized,2022-10-19 22:02:47,2022-10-19
147,89,83,5,1666217032,0.0,17,11,22,,WTI-22OCT20-B84.5,between,84.99,84.0,,$84 to 84.99,finalized,2022-10-19 22:03:52,2022-10-19
148,89,81,5,1666217032,0.0,19,11,22,,WTI-22OCT20-B84.5,between,84.99,84.0,,$84 to 84.99,finalized,2022-10-19 22:03:52,2022-10-19
149,89,0,5,1666217032,0.0,100,11,22,,WTI-22OCT20-B84.5,between,84.99,84.0,,$84 to 84.99,finalized,2022-10-19 22:03:52,2022-10-19
150,86,79,0,1666217032,0.0,21,14,0,,WTI-22OCT20-T82,less,81.99,,,$81.99 or lower,finalized,2022-10-19 22:03:52,2022-10-19
151,86,0,0,1666217032,0.0,100,14,0,,WTI-22OCT20-T82,less,81.99,,,$81.99 or lower,finalized,2022-10-19 22:03:52,2022-10-19
152,89,84,5,1666217086,0.0,16,11,22,,WTI-22OCT20-B84.5,between,84.99,84.0,,$84 to 84.99,finalized,2022-10-19 22:04:46,2022-10-19
153,83,0,0,1666217086,0.0,100,17,0,,WTI-22OCT20-T82,less,81.99,,,$81.99 or lower,finalized,2022-10-19 22:04:46,2022-10-19
154,83,77,0,1666217086,0.0,23,17,0,,WTI-22OCT20-T82,less,81.99,,,$81.99 or lower,finalized,2022-10-19 22:04:46,2022-10-19
155,83,79,0,1666217086,0.0,21,17,0,,WTI-22OCT20-T82,less,81.99,,,$81.99 or lower,finalized,2022-10-19 22:04:46,2022-10-19
156,89,0,5,1666217196,0.0,100,11,22,,WTI-22OCT20-B84.5,between,84.99,84.0,,$84 to 84.99,finalized,2022-10-19 22:06:36,2022-10-19
157,89,83,5,1666217196,0.0,17,11,22,,WTI-22OCT20-B84.5,between,84.99,84.0,,$84 to 84.99,finalized,2022-10-19 22:06:36,2022-10-19
158,85,79,0,1666217196,0.0,21,15,0,,WTI-22OCT20-T82,less,81.99,,,$81.99 or lower,finalized,2022-10-19 22:06:36,2022-10-19
159,84,79,0,1666217196,0.0,21,16,0,,WTI-22OCT20-T82,less,81.99,,,$81.99 or lower,finalized,2022-10-19 22:06:36,2022-10-19
160,89,85,5,1666217197,0.0,15,11,22,,WTI-22OCT20-B84.5,between,84.99,84.0,,$84 to 84.99,finalized,2022-10-19 22:06:37,2022-10-19
161,85,83,88,1666217286,83.0,17,15,15,,WTI-22OCT20-B84.5,between,84.99,84.0,,$84 to 84.99,finalized,2022-10-19 22:08:06,2022-10-19
162,85,84,88,1666217330,0.0,16,15,15,,WTI-22OCT20-B84.5,between,84.99,84.0,,$84 to 84.99,finalized,2022-10-19 22:08:50,2022-10-19
163,86,79,0,1666217330,0.0,21,14,0,,WTI-22OCT20-T82,less,81.99,,,$81.99 or lower,finalized,2022-10-19 22:08:50,2022-10-19
164,83,79,0,1666217330,0.0,21,17,0,,WTI-22OCT20-T82,less,81.99,,,$81.99 or lower,finalized,2022-10-19 22:08:50,2022-10-19
165,94,91,0,1666217332,0.0,9,6,0,,WTI-22OCT20-T89.99,greater,,90.0,,$90 or higher,finalized,2022-10-19 22:08:52,2022-10-19
166,85,79,0,1666217803,0.0,21,15,0,,WTI-22OCT20-T82,less,81.99,,,$81.99 or lower,finalized,2022-10-19 22:16:43,2022-10-19
167,86,79,0,1666217803,0.0,21,14,0,,WTI-22OCT20-T82,less,81.99,,,$81.99 or lower,finalized,2022-10-19 22:16:43,2022-10-19
168,94,90,0,1666217803,0.0,10,6,0,,WTI-22OCT20-T89.99,greater,,90.0,,$90 or higher,finalized,2022-10-19 22:16:43,2022-10-19
169,96,79,0,1666217804,0.0,21,4,0,,WTI-22OCT20-T82,less,81.99,,,$81.99 or lower,finalized,2022-10-19 22:16:44,2022-10-19
170,86,79,0,1666217807,0.0,21,14,0,,WTI-22OCT20-T82,less,81.99,,,$81.99 or lower,finalized,2022-10-19 22:16:47,2022-10-19
171,84,79,0,1666217807,0.0,21,16,0,,WTI-22OCT20-T82,less,81.99,,,$81.99 or lower,finalized,2022-10-19 22:16:47,2022-10-19
172,94,91,0,1666218049,0.0,9,6,0,,WTI-22OCT20-T89.99,greater,,90.0,,$90 or higher,finalized,2022-10-19 22:20:49,2022-10-19
173,90,84,0,1666218769,0.0,16,10,0,,WTI-22OCT20-B83.5,between,83.99,83.0,,$83 to 83.99,finalized,2022-10-19 22:32:49,2022-10-19
174,92,84,0,1666218769,0.0,16,8,0,,WTI-22OCT20-B83.5,between,83.99,83.0,,$83 to 83.99,finalized,2022-10-19 22:32:49,2022-10-19
175,95,90,5,1666218769,0.0,10,5,15,,WTI-22OCT20-B87.5,between,87.99,87.0,,$87 to 87.99,finalized,2022-10-19 22:32:49,2022-10-19
176,99,95,5,1666218769,0.0,5,1,7,,WTI-22OCT20-B89.5,between,89.99,89.0,,$89 to 89.99,finalized,2022-10-19 22:32:49,2022-10-19
177,84,0,0,1666218769,0.0,100,16,0,,WTI-22OCT20-T82,less,81.99,,,$81.99 or lower,finalized,2022-10-19 22:32:49,2022-10-19
178,94,90,0,1666218769,0.0,10,6,0,,WTI-22OCT20-T89.99,greater,,90.0,,$90 or higher,finalized,2022-10-19 22:32:49,2022-10-19
179,93,90,0,1666218772,0.0,10,7,0,,WTI-22OCT20-B82.5,between,82.99,82.0,,$82 to 82.99,finalized,2022-10-19 22:32:52,2022-10-19
180,94,90,5,1666218772,0.0,10,6,15,,WTI-22OCT20-B87.5,between,87.99,87.0,,$87 to 87.99,finalized,2022-10-19 22:32:52,2022-10-19
181,84,80,0,1666218772,0.0,20,16,0,,WTI-22OCT20-T82,less,81.99,,,$81.99 or lower,finalized,2022-10-19 22:32:52,2022-10-19
182,91,84,0,1666218773,0.0,16,9,0,,WTI-22OCT20-B83.5,between,83.99,83.0,,$83 to 83.99,finalized,2022-10-19 22:32:53,2022-10-19
183,91,86,0,1666218773,0.0,14,9,0,,WTI-22OCT20-B83.5,between,83.99,83.0,,$83 to 83.99,finalized,2022-10-19 22:32:53,2022-10-19
184,98,95,5,1666218773,0.0,5,2,7,,WTI-22OCT20-B89.5,between,89.99,89.0,,$89 to 89.99,finalized,2022-10-19 22:32:53,2022-10-19
185,93,89,0,1666218894,0.0,11,7,0,,WTI-22OCT20-B82.5,between,82.99,82.0,,$82 to 82.99,finalized,2022-10-19 22:34:54,2022-10-19
186,93,90,0,1666219011,0.0,10,7,0,,WTI-22OCT20-B82.5,between,82.99,82.0,,$82 to 82.99,finalized,2022-10-19 22:36:51,2022-10-19
187,91,87,0,1666219011,0.0,13,9,0,,WTI-22OCT20-B83.5,between,83.99,83.0,,$83 to 83.99,finalized,2022-10-19 22:36:51,2022-10-19
188,91,86,0,1666219131,0.0,14,9,0,,WTI-22OCT20-B83.5,between,83.99,83.0,,$83 to 83.99,finalized,2022-10-19 22:38:51,2022-10-19
189,94,89,0,1666219184,0.0,11,6,0,,WTI-22OCT20-T89.99,greater,,90.0,,$90 or higher,finalized,2022-10-19 22:39:44,2022-10-19
190,90,85,5,1666219186,0.0,15,10,15,,WTI-22OCT20-B85.5,between,85.99,85.0,,$85 to 85.99,finalized,2022-10-19 22:39:46,2022-10-19
191,89,85,5,1666219189,0.0,15,11,15,,WTI-22OCT20-B85.5,between,85.99,85.0,,$85 to 85.99,finalized,2022-10-19 22:39:49,2022-10-19
192,94,90,0,1666219190,0.0,10,6,0,,WTI-22OCT20-T89.99,greater,,90.0,,$90 or higher,finalized,2022-10-19 22:39:50,2022-10-19
193,94,90,0,1666219365,0.0,10,6,0,,WTI-22OCT20-B82.5,between,82.99,82.0,,$82 to 82.99,finalized,2022-10-19 22:42:45,2022-10-19
194,94,89,0,1666219365,0.0,11,6,0,,WTI-22OCT20-B82.5,between,82.99,82.0,,$82 to 82.99,finalized,2022-10-19 22:42:45,2022-10-19
195,84,76,0,1666219365,0.0,24,16,0,,WTI-22OCT20-T82,less,81.99,,,$81.99 or lower,finalized,2022-10-19 22:42:45,2022-10-19
196,84,0,0,1666219365,0.0,100,16,0,,WTI-22OCT20-T82,less,81.99,,,$81.99 or lower,finalized,2022-10-19 22:42:45,2022-10-19
197,93,89,0,1666219366,0.0,11,7,0,,WTI-22OCT20-B82.5,between,82.99,82.0,,$82 to 82.99,finalized,2022-10-19 22:42:46,2022-10-19
198,90,86,0,1666219366,0.0,14,10,0,,WTI-22OCT20-B83.5,between,83.99,83.0,,$83 to 83.99,finalized,2022-10-19 22:42:46,2022-10-19
199,84,79,0,1666219367,0.0,21,16,0,,WTI-22OCT20-T82,less,81.99,,,$81.99 or lower,finalized,2022-10-19 22:42:47,2022-10-19
200,94,91,0,1666219368,0.0,9,6,0,,WTI-22OCT20-T89.99,greater,,90.0,,$90 or higher,finalized,2022-10-19 22:42:48,2022-10-19
201,89,86,0,1666219612,0.0,14,11,0,,WTI-22OCT20-B86.5,between,86.99,86.0,,$86 to 86.99,finalized,2022-10-19 22:46:52,2022-10-19
202,94,89,5,1666219612,0.0,11,6,15,,WTI-22OCT20-B87.5,between,87.99,87.0,,$87 to 87.99,finalized,2022-10-19 22:46:52,2022-10-19
203,96,92,0,1666219612,0.0,8,4,0,,WTI-22OCT20-B88.5,between,88.99,88.0,,$88 to 88.99,finalized,2022-10-19 22:46:52,2022-10-19
204,98,94,5,1666219612,0.0,6,2,7,,WTI-22OCT20-B89.5,between,89.99,89.0,,$89 to 89.99,finalized,2022-10-19 22:46:52,2022-10-19
205,86,79,0,1666219612,0.0,21,14,0,,WTI-22OCT20-T82,less,81.99,,,$81.99 or lower,finalized,2022-10-19 22:46:52,2022-10-19
206,95,91,0,1666219612,0.0,9,5,0,,WTI-22OCT20-T89.99,greater,,90.0,,$90 or higher,finalized,2022-10-19 22:46:52,2022-10-19
207,96,91,0,1666219612,0.0,9,4,0,,WTI-22OCT20-T89.99,greater,,90.0,,$90 or higher,finalized,2022-10-19 22:46:52,2022-10-19
208,94,90,5,1666219613,0.0,10,6,15,,WTI-22OCT20-B87.5,between,87.99,87.0,,$87 to 87.99,finalized,2022-10-19 22:46:53,2022-10-19
209,96,93,0,1666219613,0.0,7,4,0,,WTI-22OCT20-B88.5,between,88.99,88.0,,$88 to 88.99,finalized,2022-10-19 22:46:53,2022-10-19
210,98,95,5,1666219613,0.0,5,2,7,,WTI-22OCT20-B89.5,between,89.99,89.0,,$89 to 89.99,finalized,2022-10-19 22:46:53,2022-10-19
211,95,91,0,1666219613,0.0,9,5,0,,WTI-22OCT20-T89.99,greater,,90.0,,$90 or higher,finalized,2022-10-19 22:46:53,2022-10-19
212,84,79,0,1666219672,0.0,21,16,0,,WTI-22OCT20-T82,less,81.99,,,$81.99 or lower,finalized,2022-10-19 22:47:52,2022-10-19
213,89,87,0,1666219674,0.0,13,11,0,,WTI-22OCT20-B86.5,between,86.99,86.0,,$86 to 86.99,finalized,2022-10-19 22:47:54,2022-10-19
214,94,91,0,1666219674,0.0,9,6,0,,WTI-22OCT20-T89.99,greater,,90.0,,$90 or higher,finalized,2022-10-19 22:47:54,2022-10-19
215,95,91,0,1666219725,0.0,9,5,0,,WTI-22OCT20-T89.99,greater,,90.0,,$90 or higher,finalized,2022-10-19 22:48:45,2022-10-19
216,94,91,0,1666219877,0.0,9,6,0,,WTI-22OCT20-T89.99,greater,,90.0,,$90 or higher,finalized,2022-10-19 22:51:17,2022-10-19
217,95,91,0,1666219969,0.0,9,5,0,,WTI-22OCT20-T89.99,greater,,90.0,,$90 or higher,finalized,2022-10-19 22:52:49,2022-10-19
218,91,86,0,1666220211,0.0,14,9,0,,WTI-22OCT20-B83.5,between,83.99,83.0,,$83 to 83.99,finalized,2022-10-19 22:56:51,2022-10-19
219,94,89,0,1666220213,0.0,11,6,0,,WTI-22OCT20-B82.5,between,82.99,82.0,,$82 to 82.99,finalized,2022-10-19 22:56:53,2022-10-19
220,96,92,0,1666220213,0.0,8,4,0,,WTI-22OCT20-B88.5,between,88.99,88.0,,$88 to 88.99,finalized,2022-10-19 22:56:53,2022-10-19
221,98,94,5,1666220213,0.0,6,2,7,,WTI-22OCT20-B89.5,between,89.99,89.0,,$89 to 89.99,finalized,2022-10-19 22:56:53,2022-10-19
222,86,79,0,1666220213,0.0,21,14,0,,WTI-22OCT20-T82,less,81.99,,,$81.99 or lower,finalized,2022-10-19 22:56:53,2022-10-19
223,95,90,0,1666220213,0.0,10,5,0,,WTI-22OCT20-T89.99,greater,,90.0,,$90 or higher,finalized,2022-10-19 22:56:53,2022-10-19
224,93,89,0,1666220269,0.0,11,7,0,,WTI-22OCT20-B82.5,between,82.99,82.0,,$82 to 82.99,finalized,2022-10-19 22:57:49,2022-10-19
225,90,86,0,1666220269,0.0,14,10,0,,WTI-22OCT20-B83.5,between,83.99,83.0,,$83 to 83.99,finalized,2022-10-19 22:57:49,2022-10-19
226,96,93,0,1666220270,0.0,7,4,0,,WTI-22OCT20-B88.5,between,88.99,88.0,,$88 to 88.99,finalized,2022-10-19 22:57:50,2022-10-19
227,98,95,5,1666220270,0.0,5,2,7,,WTI-22OCT20-B89.5,between,89.99,89.0,,$89 to 89.99,finalized,2022-10-19 22:57:50,2022-10-19
228,84,79,0,1666220270,0.0,21,16,0,,WTI-22OCT20-T82,less,81.99,,,$81.99 or lower,finalized,2022-10-19 22:57:50,2022-10-19
229,95,91,0,1666220270,0.0,9,5,0,,WTI-22OCT20-T89.99,greater,,90.0,,$90 or higher,finalized,2022-10-19 22:57:50,2022-10-19
230,84,77,0,1666220326,0.0,23,16,0,,WTI-22OCT20-T82,less,81.99,,,$81.99 or lower,finalized,2022-10-19 22:58:46,2022-10-19
231,86,77,0,1666220327,0.0,23,14,0,,WTI-22OCT20-T82,less,81.99,,,$81.99 or lower,finalized,2022-10-19 22:58:47,2022-10-19
232,86,0,0,1666220328,0.0,100,14,0,,WTI-22OCT20-T82,less,81.99,,,$81.99 or lower,finalized,2022-10-19 22:58:48,2022-10-19
233,83,0,0,1666220332,0.0,100,17,0,,WTI-22OCT20-T82,less,81.99,,,$81.99 or lower,finalized,2022-10-19 22:58:52,2022-10-19
234,83,76,0,1666220332,0.0,24,17,0,,WTI-22OCT20-T82,less,81.99,,,$81.99 or lower,finalized,2022-10-19 22:58:52,2022-10-19
235,83,78,0,1666220332,0.0,22,17,0,,WTI-22OCT20-T82,less,81.99,,,$81.99 or lower,finalized,2022-10-19 22:58:52,2022-10-19
236,94,91,5,1666220333,0.0,9,6,15,,WTI-22OCT20-B87.5,between,87.99,87.0,,$87 to 87.99,finalized,2022-10-19 22:58:53,2022-10-19
237,89,88,0,1666220334,0.0,12,11,0,,WTI-22OCT20-B86.5,between,86.99,86.0,,$86 to 86.99,finalized,2022-10-19 22:58:54,2022-10-19
238,94,89,0,1666220689,0.0,11,6,0,,WTI-22OCT20-B82.5,between,82.99,82.0,,$82 to 82.99,finalized,2022-10-19 23:04:49,2022-10-19
239,83,0,0,1666220689,0.0,100,17,0,,WTI-22OCT20-T82,less,81.99,,,$81.99 or lower,finalized,2022-10-19 23:04:49,2022-10-19
240,95,90,0,1666220689,0.0,10,5,0,,WTI-22OCT20-T89.99,greater,,90.0,,$90 or higher,finalized,2022-10-19 23:04:49,2022-10-19
241,83,77,0,1666220693,0.0,23,17,0,,WTI-22OCT20-T82,less,81.99,,,$81.99 or lower,finalized,2022-10-19 23:04:53,2022-10-19
242,83,79,0,1666220693,0.0,21,17,0,,WTI-22OCT20-T82,less,81.99,,,$81.99 or lower,finalized,2022-10-19 23:04:53,2022-10-19
243,95,91,0,1666220693,0.0,9,5,0,,WTI-22OCT20-T89.99,greater,,90.0,,$90 or higher,finalized,2022-10-19 23:04:53,2022-10-19
244,93,89,0,1666220694,0.0,11,7,0,,WTI-22OCT20-B82.5,between,82.99,82.0,,$82 to 82.99,finalized,2022-10-19 23:04:54,2022-10-19
245,94,90,5,1666220924,0.0,10,6,15,,WTI-22OCT20-B87.5,between,87.99,87.0,,$87 to 87.99,finalized,2022-10-19 23:08:44,2022-10-19
246,96,90,5,1666220924,0.0,10,4,15,,WTI-22OCT20-B87.5,between,87.99,87.0,,$87 to 87.99,finalized,2022-10-19 23:08:44,2022-10-19
247,96,92,0,1666220924,0.0,8,4,0,,WTI-22OCT20-B88.5,between,88.99,88.0,,$88 to 88.99,finalized,2022-10-19 23:08:44,2022-10-19
248,98,94,5,1666220924,0.0,6,2,7,,WTI-22OCT20-B89.5,between,89.99,89.0,,$89 to 89.99,finalized,2022-10-19 23:08:44,2022-10-19
249,100,94,5,1666220924,0.0,6,0,7,,WTI-22OCT20-B89.5,between,89.99,89.0,,$89 to 89.99,finalized,2022-10-19 23:08:44,2022-10-19
250,83,0,0,1666220924,0.0,100,17,0,,WTI-22OCT20-T82,less,81.99,,,$81.99 or lower,finalized,2022-10-19 23:08:44,2022-10-19
251,85,0,0,1666220924,0.0,100,15,0,,WTI-22OCT20-T82,less,81.99,,,$81.99 or lower,finalized,2022-10-19 23:08:44,2022-10-19
252,96,91,5,1666220925,0.0,9,4,15,,WTI-22OCT20-B87.5,between,87.99,87.0,,$87 to 87.99,finalized,2022-10-19 23:08:45,2022-10-19
253,95,91,5,1666220925,0.0,9,5,15,,WTI-22OCT20-B87.5,between,87.99,87.0,,$87 to 87.99,finalized,2022-10-19 23:08:45,2022-10-19
254,83,0,0,1666220925,0.0,100,17,0,,WTI-22OCT20-T82,less,81.99,,,$81.99 or lower,finalized,2022-10-19 23:08:45,2022-10-19
255,83,78,0,1666220925,0.0,22,17,0,,WTI-22OCT20-T82,less,81.99,,,$81.99 or lower,finalized,2022-10-19 23:08:45,2022-10-19
256,100,95,5,1666220926,0.0,5,0,7,,WTI-22OCT20-B89.5,between,89.99,89.0,,$89 to 89.99,finalized,2022-10-19 23:08:46,2022-10-19
257,99,95,5,1666220926,0.0,5,1,7,,WTI-22OCT20-B89.5,between,89.99,89.0,,$89 to 89.99,finalized,2022-10-19 23:08:46,2022-10-19
258,96,93,0,1666220927,0.0,7,4,0,,WTI-22OCT20-B88.5,between,88.99,88.0,,$88 to 88.99,finalized,2022-10-19 23:08:47,2022-10-19
259,98,95,5,1666220983,0.0,5,2,7,,WTI-22OCT20-B89.5,between,89.99,89.0,,$89 to 89.99,finalized,2022-10-19 23:09:43,2022-10-19
260,91,86,0,1666221073,0.0,14,9,0,,WTI-22OCT20-B83.5,between,83.99,83.0,,$83 to 83.99,finalized,2022-10-19 23:11:13,2022-10-19
261,89,87,0,1666221073,0.0,13,11,0,,WTI-22OCT20-B86.5,between,86.99,86.0,,$86 to 86.99,finalized,2022-10-19 23:11:13,2022-10-19
262,99,95,5,1666221073,0.0,5,1,7,,WTI-22OCT20-B89.5,between,89.99,89.0,,$89 to 89.99,finalized,2022-10-19 23:11:13,2022-10-19
263,92,89,0,1666221075,0.0,11,8,0,,WTI-22OCT20-B82.5,between,82.99,82.0,,$82 to 82.99,finalized,2022-10-19 23:11:15,2022-10-19
264,90,86,0,1666221075,0.0,14,10,0,,WTI-22OCT20-B83.5,between,83.99,83.0,,$83 to 83.99,finalized,2022-10-19 23:11:15,2022-10-19
265,89,88,0,1666221075,0.0,12,11,0,,WTI-22OCT20-B86.5,between,86.99,86.0,,$86 to 86.99,finalized,2022-10-19 23:11:15,2022-10-19
266,93,89,0,1666221168,0.0,11,7,0,,WTI-22OCT20-B82.5,between,82.99,82.0,,$82 to 82.99,finalized,2022-10-19 23:12:48,2022-10-19
267,83,0,0,1666221168,0.0,100,17,0,,WTI-22OCT20-T82,less,81.99,,,$81.99 or lower,finalized,2022-10-19 23:12:48,2022-10-19
268,94,91,5,1666221170,0.0,9,6,15,,WTI-22OCT20-B87.5,between,87.99,87.0,,$87 to 87.99,finalized,2022-10-19 23:12:50,2022-10-19
269,83,79,0,1666221170,0.0,21,17,0,,WTI-22OCT20-T82,less,81.99,,,$81.99 or lower,finalized,2022-10-19 23:12:50,2022-10-19
270,98,95,5,1666221171,0.0,5,2,7,,WTI-22OCT20-B89.5,between,89.99,89.0,,$89 to 89.99,finalized,2022-10-19 23:12:51,2022-10-19
271,95,91,5,1666221222,0.0,9,5,15,,WTI-22OCT20-B87.5,between,87.99,87.0,,$87 to 87.99,finalized,2022-10-19 23:13:42,2022-10-19
272,83,78,0,1666221223,0.0,22,17,0,,WTI-22OCT20-T82,less,81.99,,,$81.99 or lower,finalized,2022-10-19 23:13:43,2022-10-19
273,97,91,5,1666221473,0.0,9,3,15,,WTI-22OCT20-B87.5,between,87.99,87.0,,$87 to 87.99,finalized,2022-10-19 23:17:53,2022-10-19
274,94,89,0,1666221527,0.0,11,6,0,,WTI-22OCT20-B82.5,between,82.99,82.0,,$82 to 82.99,finalized,2022-10-19 23:18:47,2022-10-19
275,95,89,0,1666221527,0.0,11,5,0,,WTI-22OCT20-B82.5,between,82.99,82.0,,$82 to 82.99,finalized,2022-10-19 23:18:47,2022-10-19
276,89,83,5,1666221529,0.0,17,11,15,,WTI-22OCT20-B85.5,between,85.99,85.0,,$85 to 85.99,finalized,2022-10-19 23:18:49,2022-10-19
277,90,83,5,1666221529,0.0,17,10,15,,WTI-22OCT20-B85.5,between,85.99,85.0,,$85 to 85.99,finalized,2022-10-19 23:18:49,2022-10-19
278,90,81,5,1666221529,0.0,19,10,15,,WTI-22OCT20-B85.5,between,85.99,85.0,,$85 to 85.99,finalized,2022-10-19 23:18:49,2022-10-19
279,100,81,5,1666221529,0.0,19,0,15,,WTI-22OCT20-B85.5,between,85.99,85.0,,$85 to 85.99,finalized,2022-10-19 23:18:49,2022-10-19
280,100,0,5,1666221529,0.0,100,0,15,,WTI-22OCT20-B85.5,between,85.99,85.0,,$85 to 85.99,finalized,2022-10-19 23:18:49,2022-10-19
281,96,91,5,1666221531,0.0,9,4,15,,WTI-22OCT20-B87.5,between,87.99,87.0,,$87 to 87.99,finalized,2022-10-19 23:18:51,2022-10-19
282,95,91,5,1666221531,0.0,9,5,15,,WTI-22OCT20-B87.5,between,87.99,87.0,,$87 to 87.99,finalized,2022-10-19 23:18:51,2022-10-19
283,94,89,0,1666221534,0.0,11,6,0,,WTI-22OCT20-B82.5,between,82.99,82.0,,$82 to 82.99,finalized,2022-10-19 23:18:54,2022-10-19
284,93,89,0,1666221534,0.0,11,7,0,,WTI-22OCT20-B82.5,between,82.99,82.0,,$82 to 82.99,finalized,2022-10-19 23:18:54,2022-10-19
285,100,83,5,1666221582,0.0,17,0,15,,WTI-22OCT20-B85.5,between,85.99,85.0,,$85 to 85.99,finalized,2022-10-19 23:19:42,2022-10-19
286,90,83,5,1666221582,0.0,17,10,15,,WTI-22OCT20-B85.5,between,85.99,85.0,,$85 to 85.99,finalized,2022-10-19 23:19:42,2022-10-19
287,89,83,5,1666221582,0.0,17,11,15,,WTI-22OCT20-B85.5,between,85.99,85.0,,$85 to 85.99,finalized,2022-10-19 23:19:42,2022-10-19
288,89,85,5,1666221582,0.0,15,11,15,,WTI-22OCT20-B85.5,between,85.99,85.0,,$85 to 85.99,finalized,2022-10-19 23:19:42,2022-10-19
289,83,76,0,1666221769,0.0,24,17,0,,WTI-22OCT20-T82,less,81.99,,,$81.99 or lower,finalized,2022-10-19 23:22:49,2022-10-19
290,83,0,0,1666221770,0.0,100,17,0,,WTI-22OCT20-T82,less,81.99,,,$81.99 or lower,finalized,2022-10-19 23:22:50,2022-10-19
291,94,91,5,1666221771,0.0,9,6,15,,WTI-22OCT20-B87.5,between,87.99,87.0,,$87 to 87.99,finalized,2022-10-19 23:22:51,2022-10-19
292,83,75,0,1666221771,0.0,25,17,0,,WTI-22OCT20-T82,less,81.99,,,$81.99 or lower,finalized,2022-10-19 23:22:51,2022-10-19
293,83,79,0,1666221771,0.0,21,17,0,,WTI-22OCT20-T82,less,81.99,,,$81.99 or lower,finalized,2022-10-19 23:22:51,2022-10-19
294,93,88,0,1666222367,0.0,12,7,0,,WTI-22OCT20-B82.5,between,82.99,82.0,,$82 to 82.99,finalized,2022-10-19 23:32:47,2022-10-19
295,93,89,0,1666222369,0.0,11,7,0,,WTI-22OCT20-B82.5,between,82.99,82.0,,$82 to 82.99,finalized,2022-10-19 23:32:49,2022-10-19
296,95,91,5,1666222494,0.0,9,5,15,,WTI-22OCT20-B87.5,between,87.99,87.0,,$87 to 87.99,finalized,2022-10-19 23:34:54,2022-10-19
297,96,92,0,1666222494,0.0,8,4,0,,WTI-22OCT20-B88.5,between,88.99,88.0,,$88 to 88.99,finalized,2022-10-19 23:34:54,2022-10-19
298,96,93,0,1666222494,0.0,7,4,0,,WTI-22OCT20-B88.5,between,88.99,88.0,,$88 to 88.99,finalized,2022-10-19 23:34:54,2022-10-19
299,94,91,5,1666222610,0.0,9,6,15,,WTI-22OCT20-B87.5,between,87.99,87.0,,$87 to 87.99,finalized,2022-10-19 23:36:50,2022-10-19
300,85,81,88,1666222663,0.0,19,15,15,,WTI-22OCT20-B84.5,between,84.99,84.0,,$84 to 84.99,finalized,2022-10-19 23:37:43,2022-10-19
301,85,83,88,1666222664,0.0,17,15,15,,WTI-22OCT20-B84.5,between,84.99,84.0,,$84 to 84.99,finalized,2022-10-19 23:37:44,2022-10-19
302,86,79,0,1666222888,0.0,21,14,0,,WTI-22OCT20-T82,less,81.99,,,$81.99 or lower,finalized,2022-10-19 23:41:28,2022-10-19
303,86,77,0,1666222888,0.0,23,14,0,,WTI-22OCT20-T82,less,81.99,,,$81.99 or lower,finalized,2022-10-19 23:41:28,2022-10-19
304,94,90,5,1666222889,0.0,10,6,15,,WTI-22OCT20-B87.5,between,87.99,87.0,,$87 to 87.99,finalized,2022-10-19 23:41:29,2022-10-19
305,86,0,0,1666222889,0.0,100,14,0,,WTI-22OCT20-T82,less,81.99,,,$81.99 or lower,finalized,2022-10-19 23:41:29,2022-10-19
306,85,81,88,1666222890,0.0,19,15,15,,WTI-22OCT20-B84.5,between,84.99,84.0,,$84 to 84.99,finalized,2022-10-19 23:41:30,2022-10-19
307,85,0,88,1666222890,0.0,100,15,15,,WTI-22OCT20-B84.5,between,84.99,84.0,,$84 to 84.99,finalized,2022-10-19 23:41:30,2022-10-19
308,89,87,0,1666222890,0.0,13,11,0,,WTI-22OCT20-B86.5,between,86.99,86.0,,$86 to 86.99,finalized,2022-10-19 23:41:30,2022-10-19
309,85,84,88,1666222897,0.0,16,15,15,,WTI-22OCT20-B84.5,between,84.99,84.0,,$84 to 84.99,finalized,2022-10-19 23:41:37,2022-10-19
310,86,76,0,1666222897,0.0,24,14,0,,WTI-22OCT20-T82,less,81.99,,,$81.99 or lower,finalized,2022-10-19 23:41:37,2022-10-19
311,86,80,0,1666222897,0.0,20,14,0,,WTI-22OCT20-T82,less,81.99,,,$81.99 or lower,finalized,2022-10-19 23:41:37,2022-10-19
312,84,80,0,1666222897,0.0,20,16,0,,WTI-22OCT20-T82,less,81.99,,,$81.99 or lower,finalized,2022-10-19 23:41:37,2022-10-19
313,89,84,5,1666223020,0.0,16,11,15,,WTI-22OCT20-B85.5,between,85.99,85.0,,$85 to 85.99,finalized,2022-10-19 23:43:40,2022-10-19
314,90,84,0,1666223092,0.0,16,10,0,,WTI-22OCT20-B83.5,between,83.99,83.0,,$83 to 83.99,finalized,2022-10-19 23:44:52,2022-10-19
315,94,89,5,1666223092,0.0,11,6,15,,WTI-22OCT20-B87.5,between,87.99,87.0,,$87 to 87.99,finalized,2022-10-19 23:44:52,2022-10-19
316,95,89,5,1666223092,0.0,11,5,15,,WTI-22OCT20-B87.5,between,87.99,87.0,,$87 to 87.99,finalized,2022-10-19 23:44:52,2022-10-19
317,99,95,5,1666223092,0.0,5,1,7,,WTI-22OCT20-B89.5,between,89.99,89.0,,$89 to 89.99,finalized,2022-10-19 23:44:52,2022-10-19
318,96,91,0,1666223092,0.0,9,4,0,,WTI-22OCT20-T89.99,greater,,90.0,,$90 or higher,finalized,2022-10-19 23:44:52,2022-10-19
319,95,90,5,1666223094,0.0,10,5,15,,WTI-22OCT20-B87.5,between,87.99,87.0,,$87 to 87.99,finalized,2022-10-19 23:44:54,2022-10-19
320,94,90,5,1666223094,0.0,10,6,15,,WTI-22OCT20-B87.5,between,87.99,87.0,,$87 to 87.99,finalized,2022-10-19 23:44:54,2022-10-19
321,98,95,5,1666223094,0.0,5,2,7,,WTI-22OCT20-B89.5,between,89.99,89.0,,$89 to 89.99,finalized,2022-10-19 23:44:54,2022-10-19
322,95,91,0,1666223094,0.0,9,5,0,,WTI-22OCT20-T89.99,greater,,90.0,,$90 or higher,finalized,2022-10-19 23:44:54,2022-10-19
323,90,86,0,1666223212,0.0,14,10,0,,WTI-22OCT20-B83.5,between,83.99,83.0,,$83 to 83.99,finalized,2022-10-19 23:46:52,2022-10-19
324,85,80,0,1666223476,0.0,20,15,0,,WTI-22OCT20-T82,less,81.99,,,$81.99 or lower,finalized,2022-10-19 23:51:16,2022-10-19
325,86,80,0,1666223476,0.0,20,14,0,,WTI-22OCT20-T82,less,81.99,,,$81.99 or lower,finalized,2022-10-19 23:51:16,2022-10-19
326,85,80,0,1666223476,0.0,20,15,0,,WTI-22OCT20-T82,less,81.99,,,$81.99 or lower,finalized,2022-10-19 23:51:16,2022-10-19
327,85,78,0,1666223476,0.0,22,15,0,,WTI-22OCT20-T82,less,81.99,,,$81.99 or lower,finalized,2022-10-19 23:51:16,2022-10-19
328,85,80,0,1666223476,0.0,20,15,0,,WTI-22OCT20-T82,less,81.99,,,$81.99 or lower,finalized,2022-10-19 23:51:16,2022-10-19
329,85,82,88,1666223870,0.0,18,15,15,,WTI-22OCT20-B84.5,between,84.99,84.0,,$84 to 84.99,finalized,2022-10-19 23:57:50,2022-10-19
330,85,0,88,1666223870,0.0,100,15,15,,WTI-22OCT20-B84.5,between,84.99,84.0,,$84 to 84.99,finalized,2022-10-19 23:57:50,2022-10-19
331,85,81,88,1666223872,0.0,19,15,15,,WTI-22OCT20-B84.5,between,84.99,84.0,,$84 to 84.99,finalized,2022-10-19 23:57:52,2022-10-19
332,85,83,88,1666223872,0.0,17,15,15,,WTI-22OCT20-B84.5,between,84.99,84.0,,$84 to 84.99,finalized,2022-10-19 23:57:52,2022-10-19
333,85,0,88,1666223927,0.0,100,15,15,,WTI-22OCT20-B84.5,between,84.99,84.0,,$84 to 84.99,finalized,2022-10-19 23:58:47,2022-10-19
334,85,80,88,1666223929,0.0,20,15,15,,WTI-22OCT20-B84.5,between,84.99,84.0,,$84 to 84.99,finalized,2022-10-19 23:58:49,2022-10-19
335,85,82,88,1666223929,0.0,18,15,15,,WTI-22OCT20-B84.5,between,84.99,84.0,,$84 to 84.99,finalized,2022-10-19 23:58:49,2022-10-19
336,85,84,88,1666223929,0.0,16,15,15,,WTI-22OCT20-B84.5,between,84.99,84.0,,$84 to 84.99,finalized,2022-10-19 23:58:49,2022-10-19
337,85,83,88,1666223982,0.0,17,15,15,,WTI-22OCT20-B84.5,between,84.99,84.0,,$84 to 84.99,finalized,2022-10-19 23:59:42,2022-10-19
338,90,84,0,1666224409,0.0,16,10,0,,WTI-22OCT20-B83.5,between,83.99,83.0,,$83 to 83.99,finalized,2022-10-20 00:06:49,2022-10-20
339,95,90,5,1666224409,0.0,10,5,15,,WTI-22OCT20-B87.5,between,87.99,87.0,,$87 to 87.99,finalized,2022-10-20 00:06:49,2022-10-20
340,89,0,5,1666224411,0.0,100,11,15,,WTI-22OCT20-B85.5,between,85.99,85.0,,$85 to 85.99,finalized,2022-10-20 00:06:51,2022-10-20
341,85,78,0,1666224411,0.0,22,15,0,,WTI-22OCT20-T82,less,81.99,,,$81.99 or lower,finalized,2022-10-20 00:06:51,2022-10-20
342,90,0,0,1666224412,0.0,100,10,0,,WTI-22OCT20-B83.5,between,83.99,83.0,,$83 to 83.99,finalized,2022-10-20 00:06:52,2022-10-20
343,85,0,0,1666224413,0.0,100,15,0,,WTI-22OCT20-T82,less,81.99,,,$81.99 or lower,finalized,2022-10-20 00:06:53,2022-10-20
344,99,95,5,1666224471,0.0,5,1,7,,WTI-22OCT20-B89.5,between,89.99,89.0,,$89 to 89.99,finalized,2022-10-20 00:07:51,2022-10-20
345,92,89,0,1666224533,0.0,11,8,0,,WTI-22OCT20-B82.5,between,82.99,82.0,,$82 to 82.99,finalized,2022-10-20 00:08:53,2022-10-20
346,96,90,5,1666224533,0.0,10,4,15,,WTI-22OCT20-B87.5,between,87.99,87.0,,$87 to 87.99,finalized,2022-10-20 00:08:53,2022-10-20
347,96,91,5,1666224535,0.0,9,4,15,,WTI-22OCT20-B87.5,between,87.99,87.0,,$87 to 87.99,finalized,2022-10-20 00:08:55,2022-10-20
348,95,91,5,1666224535,0.0,9,5,15,,WTI-22OCT20-B87.5,between,87.99,87.0,,$87 to 87.99,finalized,2022-10-20 00:08:55,2022-10-20
349,96,94,0,1666224535,0.0,6,4,0,,WTI-22OCT20-B88.5,between,88.99,88.0,,$88 to 88.99,finalized,2022-10-20 00:08:55,2022-10-20
350,83,0,0,1666224535,0.0,100,17,0,,WTI-22OCT20-T82,less,81.99,,,$81.99 or lower,finalized,2022-10-20 00:08:55,2022-10-20
351,83,79,0,1666224535,0.0,21,17,0,,WTI-22OCT20-T82,less,81.99,,,$81.99 or lower,finalized,2022-10-20 00:08:55,2022-10-20
352,95,92,0,1666224535,0.0,8,5,0,,WTI-22OCT20-T89.99,greater,,90.0,,$90 or higher,finalized,2022-10-20 00:08:55,2022-10-20
353,89,0,0,1666224587,0.0,100,11,0,,WTI-22OCT20-B83.5,between,83.99,83.0,,$83 to 83.99,finalized,2022-10-20 00:09:47,2022-10-20
354,89,83,0,1666224587,0.0,17,11,0,,WTI-22OCT20-B83.5,between,83.99,83.0,,$83 to 83.99,finalized,2022-10-20 00:09:47,2022-10-20
355,89,85,0,1666224587,0.0,15,11,0,,WTI-22OCT20-B83.5,between,83.99,83.0,,$83 to 83.99,finalized,2022-10-20 00:09:47,2022-10-20
356,89,85,5,1666224587,0.0,15,11,15,,WTI-22OCT20-B85.5,between,85.99,85.0,,$85 to 85.99,finalized,2022-10-20 00:09:47,2022-10-20
357,89,88,0,1666224587,0.0,12,11,0,,WTI-22OCT20-B86.5,between,86.99,86.0,,$86 to 86.99,finalized,2022-10-20 00:09:47,2022-10-20
358,85,79,0,1666224664,0.0,21,15,0,,WTI-22OCT20-T82,less,81.99,,,$81.99 or lower,finalized,2022-10-20 00:11:04,2022-10-20
359,86,79,0,1666224664,0.0,21,14,0,,WTI-22OCT20-T82,less,81.99,,,$81.99 or lower,finalized,2022-10-20 00:11:04,2022-10-20
360,99,94,5,1666224665,0.0,6,1,7,,WTI-22OCT20-B89.5,between,89.99,89.0,,$89 to 89.99,finalized,2022-10-20 00:11:05,2022-10-20
361,96,93,0,1666224667,0.0,7,4,0,,WTI-22OCT20-B88.5,between,88.99,88.0,,$88 to 88.99,finalized,2022-10-20 00:11:07,2022-10-20
362,96,0,0,1666224667,0.0,100,4,0,,WTI-22OCT20-B88.5,between,88.99,88.0,,$88 to 88.99,finalized,2022-10-20 00:11:07,2022-10-20
363,90,85,0,1666224668,0.0,15,10,0,,WTI-22OCT20-B83.5,between,83.99,83.0,,$83 to 83.99,finalized,2022-10-20 00:11:08,2022-10-20
364,85,0,88,1666224671,0.0,100,15,15,,WTI-22OCT20-B84.5,between,84.99,84.0,,$84 to 84.99,finalized,2022-10-20 00:11:11,2022-10-20
365,93,89,0,1666224672,0.0,11,7,0,,WTI-22OCT20-B82.5,between,82.99,82.0,,$82 to 82.99,finalized,2022-10-20 00:11:12,2022-10-20
366,96,89,0,1666224672,0.0,11,4,0,,WTI-22OCT20-B82.5,between,82.99,82.0,,$82 to 82.99,finalized,2022-10-20 00:11:12,2022-10-20
367,90,85,5,1666224672,0.0,15,10,15,,WTI-22OCT20-B85.5,between,85.99,85.0,,$85 to 85.99,finalized,2022-10-20 00:11:12,2022-10-20
368,84,79,0,1666224672,0.0,21,16,0,,WTI-22OCT20-T82,less,81.99,,,$81.99 or lower,finalized,2022-10-20 00:11:12,2022-10-20
369,96,91,0,1666224673,0.0,9,4,0,,WTI-22OCT20-B88.5,between,88.99,88.0,,$88 to 88.99,finalized,2022-10-20 00:11:13,2022-10-20
370,96,93,0,1666224674,0.0,7,4,0,,WTI-22OCT20-B88.5,between,88.99,88.0,,$88 to 88.99,finalized,2022-10-20 00:11:14,2022-10-20
371,99,95,5,1666224674,0.0,5,1,7,,WTI-22OCT20-B89.5,between,89.99,89.0,,$89 to 89.99,finalized,2022-10-20 00:11:14,2022-10-20
372,85,83,88,1666224677,0.0,17,15,15,,WTI-22OCT20-B84.5,between,84.99,84.0,,$84 to 84.99,finalized,2022-10-20 00:11:17,2022-10-20
373,95,89,0,1666224679,0.0,11,5,0,,WTI-22OCT20-B82.5,between,82.99,82.0,,$82 to 82.99,finalized,2022-10-20 00:11:19,2022-10-20
374,94,89,0,1666224679,0.0,11,6,0,,WTI-22OCT20-B82.5,between,82.99,82.0,,$82 to 82.99,finalized,2022-10-20 00:11:19,2022-10-20
375,93,89,0,1666224679,0.0,11,7,0,,WTI-22OCT20-B82.5,between,82.99,82.0,,$82 to 82.99,finalized,2022-10-20 00:11:19,2022-10-20
376,89,85,5,1666224679,0.0,15,11,15,,WTI-22OCT20-B85.5,between,85.99,85.0,,$85 to 85.99,finalized,2022-10-20 00:11:19,2022-10-20
377,93,88,0,1666224886,0.0,12,7,0,,WTI-22OCT20-B82.5,between,82.99,82.0,,$82 to 82.99,finalized,2022-10-20 00:14:46,2022-10-20
378,89,83,5,1666224886,0.0,17,11,15,,WTI-22OCT20-B85.5,between,85.99,85.0,,$85 to 85.99,finalized,2022-10-20 00:14:46,2022-10-20
379,89,0,5,1666224886,0.0,100,11,15,,WTI-22OCT20-B85.5,between,85.99,85.0,,$85 to 85.99,finalized,2022-10-20 00:14:46,2022-10-20
380,84,75,0,1666224886,0.0,25,16,0,,WTI-22OCT20-T82,less,81.99,,,$81.99 or lower,finalized,2022-10-20 00:14:46,2022-10-20
381,84,0,0,1666224886,0.0,100,16,0,,WTI-22OCT20-T82,less,81.99,,,$81.99 or lower,finalized,2022-10-20 00:14:46,2022-10-20
382,96,92,0,1666224886,0.0,8,4,0,,WTI-22OCT20-T89.99,greater,,90.0,,$90 or higher,finalized,2022-10-20 00:14:46,2022-10-20
383,96,91,0,1666224887,0.0,9,4,0,,WTI-22OCT20-T89.99,greater,,90.0,,$90 or higher,finalized,2022-10-20 00:14:47,2022-10-20
384,89,87,0,1666224888,0.0,13,11,0,,WTI-22OCT20-B86.5,between,86.99,86.0,,$86 to 86.99,finalized,2022-10-20 00:14:48,2022-10-20
385,89,86,0,1666224888,0.0,14,11,0,,WTI-22OCT20-B86.5,between,86.99,86.0,,$86 to 86.99,finalized,2022-10-20 00:14:48,2022-10-20
386,93,89,0,1666224890,0.0,11,7,0,,WTI-22OCT20-B82.5,between,82.99,82.0,,$82 to 82.99,finalized,2022-10-20 00:14:50,2022-10-20
387,89,82,5,1666224890,0.0,18,11,15,,WTI-22OCT20-B85.5,between,85.99,85.0,,$85 to 85.99,finalized,2022-10-20 00:14:50,2022-10-20
388,89,84,5,1666224890,0.0,16,11,15,,WTI-22OCT20-B85.5,between,85.99,85.0,,$85 to 85.99,finalized,2022-10-20 00:14:50,2022-10-20
389,94,91,5,1666224890,0.0,9,6,15,,WTI-22OCT20-B87.5,between,87.99,87.0,,$87 to 87.99,finalized,2022-10-20 00:14:50,2022-10-20
390,98,95,5,1666224890,0.0,5,2,7,,WTI-22OCT20-B89.5,between,89.99,89.0,,$89 to 89.99,finalized,2022-10-20 00:14:50,2022-10-20
391,84,80,0,1666224890,0.0,20,16,0,,WTI-22OCT20-T82,less,81.99,,,$81.99 or lower,finalized,2022-10-20 00:14:50,2022-10-20
392,95,91,0,1666224890,0.0,9,5,0,,WTI-22OCT20-T89.99,greater,,90.0,,$90 or higher,finalized,2022-10-20 00:14:50,2022-10-20
393,89,87,0,1666224891,0.0,13,11,0,,WTI-22OCT20-B86.5,between,86.99,86.0,,$86 to 86.99,finalized,2022-10-20 00:14:51,2022-10-20
394,90,86,0,1666224892,0.0,14,10,0,,WTI-22OCT20-B83.5,between,83.99,83.0,,$83 to 83.99,finalized,2022-10-20 00:14:52,2022-10-20
395,94,90,5,1666225013,0.0,10,6,15,,WTI-22OCT20-B87.5,between,87.99,87.0,,$87 to 87.99,finalized,2022-10-20 00:16:53,2022-10-20
396,86,80,0,1666225014,0.0,20,14,0,,WTI-22OCT20-T82,less,81.99,,,$81.99 or lower,finalized,2022-10-20 00:16:54,2022-10-20
397,88,84,5,1666225135,0.0,16,12,15,,WTI-22OCT20-B85.5,between,85.99,85.0,,$85 to 85.99,finalized,2022-10-20 00:18:55,2022-10-20
398,85,80,0,1666225135,0.0,20,15,0,,WTI-22OCT20-T82,less,81.99,,,$81.99 or lower,finalized,2022-10-20 00:18:55,2022-10-20
399,85,78,0,1666225661,0.0,22,15,0,,WTI-22OCT20-T82,less,81.99,,,$81.99 or lower,finalized,2022-10-20 00:27:41,2022-10-20
400,100,95,5,1666225662,0.0,5,0,7,,WTI-22OCT20-B89.5,between,89.99,89.0,,$89 to 89.99,finalized,2022-10-20 00:27:42,2022-10-20
401,99,95,5,1666225662,0.0,5,1,7,,WTI-22OCT20-B89.5,between,89.99,89.0,,$89 to 89.99,finalized,2022-10-20 00:27:42,2022-10-20
402,98,95,5,1666225663,0.0,5,2,7,,WTI-22OCT20-B89.5,between,89.99,89.0,,$89 to 89.99,finalized,2022-10-20 00:27:43,2022-10-20
403,85,80,0,1666225664,0.0,20,15,0,,WTI-22OCT20-T82,less,81.99,,,$81.99 or lower,finalized,2022-10-20 00:27:44,2022-10-20
404,94,89,5,1666226082,0.0,11,6,15,,WTI-22OCT20-B87.5,between,87.99,87.0,,$87 to 87.99,finalized,2022-10-20 00:34:42,2022-10-20
405,96,92,0,1666226082,0.0,8,4,0,,WTI-22OCT20-B88.5,between,88.99,88.0,,$88 to 88.99,finalized,2022-10-20 00:34:42,2022-10-20
406,98,94,5,1666226082,0.0,6,2,7,,WTI-22OCT20-B89.5,between,89.99,89.0,,$89 to 89.99,finalized,2022-10-20 00:34:42,2022-10-20
407,86,80,0,1666226082,0.0,20,14,0,,WTI-22OCT20-T82,less,81.99,,,$81.99 or lower,finalized,2022-10-20 00:34:42,2022-10-20
408,94,89,0,1666226084,0.0,11,6,0,,WTI-22OCT20-B82.5,between,82.99,82.0,,$82 to 82.99,finalized,2022-10-20 00:34:44,2022-10-20
409,94,90,5,1666226084,0.0,10,6,15,,WTI-22OCT20-B87.5,between,87.99,87.0,,$87 to 87.99,finalized,2022-10-20 00:34:44,2022-10-20
410,85,80,0,1666226084,0.0,20,15,0,,WTI-22OCT20-T82,less,81.99,,,$81.99 or lower,finalized,2022-10-20 00:34:44,2022-10-20
411,95,92,0,1666226084,0.0,8,5,0,,WTI-22OCT20-T89.99,greater,,90.0,,$90 or higher,finalized,2022-10-20 00:34:44,2022-10-20
412,91,86,0,1666226085,0.0,14,9,0,,WTI-22OCT20-B83.5,between,83.99,83.0,,$83 to 83.99,finalized,2022-10-20 00:34:45,2022-10-20
413,98,95,5,1666226086,0.0,5,2,7,,WTI-22OCT20-B89.5,between,89.99,89.0,,$89 to 89.99,finalized,2022-10-20 00:34:46,2022-10-20
414,93,89,0,1666226088,0.0,11,7,0,,WTI-22OCT20-B82.5,between,82.99,82.0,,$82 to 82.99,finalized,2022-10-20 00:34:48,2022-10-20
415,90,86,0,1666226088,0.0,14,10,0,,WTI-22OCT20-B83.5,between,83.99,83.0,,$83 to 83.99,finalized,2022-10-20 00:34:48,2022-10-20
416,96,93,0,1666226088,0.0,7,4,0,,WTI-22OCT20-B88.5,between,88.99,88.0,,$88 to 88.99,finalized,2022-10-20 00:34:48,2022-10-20
417,95,91,0,1666226204,0.0,9,5,0,,WTI-22OCT20-T89.99,greater,,90.0,,$90 or higher,finalized,2022-10-20 00:36:44,2022-10-20
418,95,90,0,1666226206,0.0,10,5,0,,WTI-22OCT20-T89.99,greater,,90.0,,$90 or higher,finalized,2022-10-20 00:36:46,2022-10-20
419,95,91,0,1666226206,0.0,9,5,0,,WTI-22OCT20-T89.99,greater,,90.0,,$90 or higher,finalized,2022-10-20 00:36:46,2022-10-20
420,89,84,5,1666226330,0.0,16,11,15,,WTI-22OCT20-B85.5,between,85.99,85.0,,$85 to 85.99,finalized,2022-10-20 00:38:50,2022-10-20
421,90,84,5,1666226330,0.0,16,10,15,,WTI-22OCT20-B85.5,between,85.99,85.0,,$85 to 85.99,finalized,2022-10-20 00:38:50,2022-10-20
422,88,84,5,1666226382,0.0,16,12,15,,WTI-22OCT20-B85.5,between,85.99,85.0,,$85 to 85.99,finalized,2022-10-20 00:39:42,2022-10-20
423,94,91,5,1666226382,0.0,9,6,15,,WTI-22OCT20-B87.5,between,87.99,87.0,,$87 to 87.99,finalized,2022-10-20 00:39:42,2022-10-20
424,95,92,0,1666226382,0.0,8,5,0,,WTI-22OCT20-T89.99,greater,,90.0,,$90 or higher,finalized,2022-10-20 00:39:42,2022-10-20
425,84,80,0,1666226472,0.0,20,16,0,,WTI-22OCT20-T82,less,81.99,,,$81.99 or lower,finalized,2022-10-20 00:41:12,2022-10-20
426,90,85,0,1666226625,0.0,15,10,0,,WTI-22OCT20-B83.5,between,83.99,83.0,,$83 to 83.99,finalized,2022-10-20 00:43:45,2022-10-20
427,99,95,5,1666226625,0.0,5,1,7,,WTI-22OCT20-B89.5,between,89.99,89.0,,$89 to 89.99,finalized,2022-10-20 00:43:45,2022-10-20
428,89,84,5,1666226627,0.0,16,11,15,,WTI-22OCT20-B85.5,between,85.99,85.0,,$85 to 85.99,finalized,2022-10-20 00:43:47,2022-10-20
429,89,86,0,1666226627,0.0,14,11,0,,WTI-22OCT20-B86.5,between,86.99,86.0,,$86 to 86.99,finalized,2022-10-20 00:43:47,2022-10-20
430,89,87,0,1666226631,0.0,13,11,0,,WTI-22OCT20-B86.5,between,86.99,86.0,,$86 to 86.99,finalized,2022-10-20 00:43:51,2022-10-20
431,95,91,5,1666226686,0.0,9,5,15,,WTI-22OCT20-B87.5,between,87.99,87.0,,$87 to 87.99,finalized,2022-10-20 00:44:46,2022-10-20
432,95,90,5,1666226687,0.0,10,5,15,,WTI-22OCT20-B87.5,between,87.99,87.0,,$87 to 87.99,finalized,2022-10-20 00:44:47,2022-10-20
433,84,0,0,1666226687,0.0,100,16,0,,WTI-22OCT20-T82,less,81.99,,,$81.99 or lower,finalized,2022-10-20 00:44:47,2022-10-20
434,86,0,0,1666226687,0.0,100,14,0,,WTI-22OCT20-T82,less,81.99,,,$81.99 or lower,finalized,2022-10-20 00:44:47,2022-10-20
435,95,91,0,1666226688,0.0,9,5,0,,WTI-22OCT20-T89.99,greater,,90.0,,$90 or higher,finalized,2022-10-20 00:44:48,2022-10-20
436,96,91,0,1666226688,0.0,9,4,0,,WTI-22OCT20-T89.99,greater,,90.0,,$90 or higher,finalized,2022-10-20 00:44:48,2022-10-20
437,92,89,0,1666226690,0.0,11,8,0,,WTI-22OCT20-B82.5,between,82.99,82.0,,$82 to 82.99,finalized,2022-10-20 00:44:50,2022-10-20
438,89,85,0,1666226690,0.0,15,11,0,,WTI-22OCT20-B83.5,between,83.99,83.0,,$83 to 83.99,finalized,2022-10-20 00:44:50,2022-10-20
439,95,91,5,1666226690,0.0,9,5,15,,WTI-22OCT20-B87.5,between,87.99,87.0,,$87 to 87.99,finalized,2022-10-20 00:44:50,2022-10-20
440,96,94,0,1666226690,0.0,6,4,0,,WTI-22OCT20-B88.5,between,88.99,88.0,,$88 to 88.99,finalized,2022-10-20 00:44:50,2022-10-20
441,86,75,0,1666226690,0.0,25,14,0,,WTI-22OCT20-T82,less,81.99,,,$81.99 or lower,finalized,2022-10-20 00:44:50,2022-10-20
442,86,79,0,1666226690,0.0,21,14,0,,WTI-22OCT20-T82,less,81.99,,,$81.99 or lower,finalized,2022-10-20 00:44:50,2022-10-20
443,96,92,0,1666226690,0.0,8,4,0,,WTI-22OCT20-T89.99,greater,,90.0,,$90 or higher,finalized,2022-10-20 00:44:50,2022-10-20
444,84,79,0,1666226691,0.0,21,16,0,,WTI-22OCT20-T82,less,81.99,,,$81.99 or lower,finalized,2022-10-20 00:44:51,2022-10-20
445,89,88,0,1666226692,0.0,12,11,0,,WTI-22OCT20-B86.5,between,86.99,86.0,,$86 to 86.99,finalized,2022-10-20 00:44:52,2022-10-20
446,92,88,0,1666226865,0.0,12,8,0,,WTI-22OCT20-B82.5,between,82.99,82.0,,$82 to 82.99,finalized,2022-10-20 00:47:45,2022-10-20
447,86,79,0,1666226865,0.0,21,14,0,,WTI-22OCT20-T82,less,81.99,,,$81.99 or lower,finalized,2022-10-20 00:47:45,2022-10-20
448,89,82,5,1666226867,0.0,18,11,15,,WTI-22OCT20-B85.5,between,85.99,85.0,,$85 to 85.99,finalized,2022-10-20 00:47:47,2022-10-20
449,89,0,5,1666226868,0.0,100,11,15,,WTI-22OCT20-B85.5,between,85.99,85.0,,$85 to 85.99,finalized,2022-10-20 00:47:48,2022-10-20
450,89,85,5,1666226873,0.0,15,11,15,,WTI-22OCT20-B85.5,between,85.99,85.0,,$85 to 85.99,finalized,2022-10-20 00:47:53,2022-10-20
451,85,79,0,1666226873,0.0,21,15,0,,WTI-22OCT20-T82,less,81.99,,,$81.99 or lower,finalized,2022-10-20 00:47:53,2022-10-20
452,83,79,0,1666226873,0.0,21,17,0,,WTI-22OCT20-T82,less,81.99,,,$81.99 or lower,finalized,2022-10-20 00:47:53,2022-10-20
453,89,83,5,1666226921,0.0,17,11,15,,WTI-22OCT20-B85.5,between,85.99,85.0,,$85 to 85.99,finalized,2022-10-20 00:48:41,2022-10-20
454,89,0,5,1666226921,0.0,100,11,15,,WTI-22OCT20-B85.5,between,85.99,85.0,,$85 to 85.99,finalized,2022-10-20 00:48:41,2022-10-20
455,89,84,5,1666226921,0.0,16,11,15,,WTI-22OCT20-B85.5,between,85.99,85.0,,$85 to 85.99,finalized,2022-10-20 00:48:41,2022-10-20
456,86,79,0,1666226921,0.0,21,14,0,,WTI-22OCT20-T82,less,81.99,,,$81.99 or lower,finalized,2022-10-20 00:48:41,2022-10-20
457,84,79,0,1666226921,0.0,21,16,0,,WTI-22OCT20-T82,less,81.99,,,$81.99 or lower,finalized,2022-10-20 00:48:41,2022-10-20
458,92,89,0,1666226984,0.0,11,8,0,,WTI-22OCT20-B82.5,between,82.99,82.0,,$82 to 82.99,finalized,2022-10-20 00:49:44,2022-10-20
459,92,88,0,1666227082,0.0,12,8,0,,WTI-22OCT20-B82.5,between,82.99,82.0,,$82 to 82.99,finalized,2022-10-20 00:51:22,2022-10-20
460,93,88,0,1666227285,0.0,12,7,0,,WTI-22OCT20-B82.5,between,82.99,82.0,,$82 to 82.99,finalized,2022-10-20 00:54:45,2022-10-20
461,89,87,0,1666227285,0.0,13,11,0,,WTI-22OCT20-B86.5,between,86.99,86.0,,$86 to 86.99,finalized,2022-10-20 00:54:45,2022-10-20
462,96,93,0,1666227285,0.0,7,4,0,,WTI-22OCT20-B88.5,between,88.99,88.0,,$88 to 88.99,finalized,2022-10-20 00:54:45,2022-10-20
463,100,95,5,1666227285,0.0,5,0,7,,WTI-22OCT20-B89.5,between,89.99,89.0,,$89 to 89.99,finalized,2022-10-20 00:54:45,2022-10-20
464,86,79,0,1666227285,0.0,21,14,0,,WTI-22OCT20-T82,less,81.99,,,$81.99 or lower,finalized,2022-10-20 00:54:45,2022-10-20
465,86,77,0,1666227285,0.0,23,14,0,,WTI-22OCT20-T82,less,81.99,,,$81.99 or lower,finalized,2022-10-20 00:54:45,2022-10-20
466,86,0,0,1666227285,0.0,100,14,0,,WTI-22OCT20-T82,less,81.99,,,$81.99 or lower,finalized,2022-10-20 00:54:45,2022-10-20
467,90,85,0,1666227287,0.0,15,10,0,,WTI-22OCT20-B83.5,between,83.99,83.0,,$83 to 83.99,finalized,2022-10-20 00:54:47,2022-10-20
468,88,84,5,1666227289,0.0,16,12,15,,WTI-22OCT20-B85.5,between,85.99,85.0,,$85 to 85.99,finalized,2022-10-20 00:54:49,2022-10-20
469,95,92,0,1666227289,0.0,8,5,0,,WTI-22OCT20-T89.99,greater,,90.0,,$90 or higher,finalized,2022-10-20 00:54:49,2022-10-20
470,85,0,0,1666227290,0.0,100,15,0,,WTI-22OCT20-T82,less,81.99,,,$81.99 or lower,finalized,2022-10-20 00:54:50,2022-10-20
471,93,89,0,1666227291,0.0,11,7,0,,WTI-22OCT20-B82.5,between,82.99,82.0,,$82 to 82.99,finalized,2022-10-20 00:54:51,2022-10-20
472,94,91,5,1666227291,0.0,9,6,15,,WTI-22OCT20-B87.5,between,87.99,87.0,,$87 to 87.99,finalized,2022-10-20 00:54:51,2022-10-20
473,99,95,5,1666227291,0.0,5,1,7,,WTI-22OCT20-B89.5,between,89.99,89.0,,$89 to 89.99,finalized,2022-10-20 00:54:51,2022-10-20
474,85,80,0,1666227291,0.0,20,15,0,,WTI-22OCT20-T82,less,81.99,,,$81.99 or lower,finalized,2022-10-20 00:54:51,2022-10-20
475,90,86,0,1666227292,0.0,14,10,0,,WTI-22OCT20-B83.5,between,83.99,83.0,,$83 to 83.99,finalized,2022-10-20 00:54:52,2022-10-20
476,90,85,0,1666227404,0.0,15,10,0,,WTI-22OCT20-B83.5,between,83.99,83.0,,$83 to 83.99,finalized,2022-10-20 00:56:44,2022-10-20
477,84,80,0,1666227410,0.0,20,16,0,,WTI-22OCT20-T82,less,81.99,,,$81.99 or lower,finalized,2022-10-20 00:56:50,2022-10-20
478,85,80,0,1666227468,0.0,20,15,0,,WTI-22OCT20-T82,less,81.99,,,$81.99 or lower,finalized,2022-10-20 00:57:48,2022-10-20
479,84,80,0,1666227526,0.0,20,16,0,,WTI-22OCT20-T82,less,81.99,,,$81.99 or lower,finalized,2022-10-20 00:58:46,2022-10-20
480,89,86,0,1666227693,0.0,14,11,0,,WTI-22OCT20-B86.5,between,86.99,86.0,,$86 to 86.99,finalized,2022-10-20 01:01:33,2022-10-20
481,96,92,0,1666227693,0.0,8,4,0,,WTI-22OCT20-B88.5,between,88.99,88.0,,$88 to 88.99,finalized,2022-10-20 01:01:33,2022-10-20
482,94,89,0,1666227694,0.0,11,6,0,,WTI-22OCT20-B82.5,between,82.99,82.0,,$82 to 82.99,finalized,2022-10-20 01:01:34,2022-10-20
483,90,83,0,1666227694,0.0,17,10,0,,WTI-22OCT20-B83.5,between,83.99,83.0,,$83 to 83.99,finalized,2022-10-20 01:01:34,2022-10-20
484,96,93,0,1666227694,0.0,7,4,0,,WTI-22OCT20-B88.5,between,88.99,88.0,,$88 to 88.99,finalized,2022-10-20 01:01:34,2022-10-20
485,91,83,0,1666227696,0.0,17,9,0,,WTI-22OCT20-B83.5,between,83.99,83.0,,$83 to 83.99,finalized,2022-10-20 01:01:36,2022-10-20
486,89,87,0,1666227697,0.0,13,11,0,,WTI-22OCT20-B86.5,between,86.99,86.0,,$86 to 86.99,finalized,2022-10-20 01:01:37,2022-10-20
487,93,89,0,1666227699,0.0,11,7,0,,WTI-22OCT20-B82.5,between,82.99,82.0,,$82 to 82.99,finalized,2022-10-20 01:01:39,2022-10-20
488,91,85,0,1666227700,0.0,15,9,0,,WTI-22OCT20-B83.5,between,83.99,83.0,,$83 to 83.99,finalized,2022-10-20 01:01:40,2022-10-20
489,90,85,0,1666227700,0.0,15,10,0,,WTI-22OCT20-B83.5,between,83.99,83.0,,$83 to 83.99,finalized,2022-10-20 01:01:40,2022-10-20
490,100,95,5,1666227825,0.0,5,0,7,,WTI-22OCT20-B89.5,between,89.99,89.0,,$89 to 89.99,finalized,2022-10-20 01:03:45,2022-10-20
491,85,80,0,1666227825,0.0,20,15,0,,WTI-22OCT20-T82,less,81.99,,,$81.99 or lower,finalized,2022-10-20 01:03:45,2022-10-20
492,85,78,0,1666227825,0.0,22,15,0,,WTI-22OCT20-T82,less,81.99,,,$81.99 or lower,finalized,2022-10-20 01:03:45,2022-10-20
493,86,78,0,1666227825,0.0,22,14,0,,WTI-22OCT20-T82,less,81.99,,,$81.99 or lower,finalized,2022-10-20 01:03:45,2022-10-20
494,95,91,5,1666227827,0.0,9,5,15,,WTI-22OCT20-B87.5,between,87.99,87.0,,$87 to 87.99,finalized,2022-10-20 01:03:47,2022-10-20
495,94,91,5,1666227827,0.0,9,6,15,,WTI-22OCT20-B87.5,between,87.99,87.0,,$87 to 87.99,finalized,2022-10-20 01:03:47,2022-10-20
496,99,95,5,1666227827,0.0,5,1,7,,WTI-22OCT20-B89.5,between,89.99,89.0,,$89 to 89.99,finalized,2022-10-20 01:03:47,2022-10-20
497,85,78,0,1666227827,0.0,22,15,0,,WTI-22OCT20-T82,less,81.99,,,$81.99 or lower,finalized,2022-10-20 01:03:47,2022-10-20
498,85,80,0,1666227827,0.0,20,15,0,,WTI-22OCT20-T82,less,81.99,,,$81.99 or lower,finalized,2022-10-20 01:03:47,2022-10-20
499,93,88,0,1666227887,0.0,12,7,0,,WTI-22OCT20-B82.5,between,82.99,82.0,,$82 to 82.99,finalized,2022-10-20 01:04:47,2022-10-20
500,96,92,0,1666227888,0.0,8,4,0,,WTI-22OCT20-T89.99,greater,,90.0,,$90 or higher,finalized,2022-10-20 01:04:48,2022-10-20
501,95,92,0,1666227889,0.0,8,5,0,,WTI-22OCT20-T89.99,greater,,90.0,,$90 or higher,finalized,2022-10-20 01:04:49,2022-10-20
502,93,89,0,1666227890,0.0,11,7,0,,WTI-22OCT20-B82.5,between,82.99,82.0,,$82 to 82.99,finalized,2022-10-20 01:04:50,2022-10-20
503,99,94,5,1666227970,0.0,6,1,7,,WTI-22OCT20-B89.5,between,89.99,89.0,,$89 to 89.99,finalized,2022-10-20 01:06:10,2022-10-20
504,99,95,5,1666227972,0.0,5,1,7,,WTI-22OCT20-B89.5,between,89.99,89.0,,$89 to 89.99,finalized,2022-10-20 01:06:12,2022-10-20
505,84,80,0,1666227972,0.0,20,16,0,,WTI-22OCT20-T82,less,81.99,,,$81.99 or lower,finalized,2022-10-20 01:06:12,2022-10-20
506,95,91,0,1666228131,0.0,9,5,0,,WTI-22OCT20-T89.99,greater,,90.0,,$90 or higher,finalized,2022-10-20 01:08:51,2022-10-20
507,96,91,0,1666228131,0.0,9,4,0,,WTI-22OCT20-T89.99,greater,,90.0,,$90 or higher,finalized,2022-10-20 01:08:51,2022-10-20
508,96,91,5,1666228133,0.0,9,4,15,,WTI-22OCT20-B87.5,between,87.99,87.0,,$87 to 87.99,finalized,2022-10-20 01:08:53,2022-10-20
509,96,90,5,1666228133,0.0,10,4,15,,WTI-22OCT20-B87.5,between,87.99,87.0,,$87 to 87.99,finalized,2022-10-20 01:08:53,2022-10-20
510,84,78,0,1666228133,0.0,22,16,0,,WTI-22OCT20-T82,less,81.99,,,$81.99 or lower,finalized,2022-10-20 01:08:53,2022-10-20
511,84,0,0,1666228133,0.0,100,16,0,,WTI-22OCT20-T82,less,81.99,,,$81.99 or lower,finalized,2022-10-20 01:08:53,2022-10-20
512,89,84,5,1666228134,0.0,16,11,15,,WTI-22OCT20-B85.5,between,85.99,85.0,,$85 to 85.99,finalized,2022-10-20 01:08:54,2022-10-20
513,90,84,5,1666228135,0.0,16,10,15,,WTI-22OCT20-B85.5,between,85.99,85.0,,$85 to 85.99,finalized,2022-10-20 01:08:55,2022-10-20
514,89,85,0,1666228282,0.0,15,11,0,,WTI-22OCT20-B83.5,between,83.99,83.0,,$83 to 83.99,finalized,2022-10-20 01:11:22,2022-10-20
515,95,90,5,1666228282,0.0,10,5,15,,WTI-22OCT20-B87.5,between,87.99,87.0,,$87 to 87.99,finalized,2022-10-20 01:11:22,2022-10-20
516,95,91,5,1666228282,0.0,9,5,15,,WTI-22OCT20-B87.5,between,87.99,87.0,,$87 to 87.99,finalized,2022-10-20 01:11:22,2022-10-20
517,96,94,0,1666228282,0.0,6,4,0,,WTI-22OCT20-B88.5,between,88.99,88.0,,$88 to 88.99,finalized,2022-10-20 01:11:22,2022-10-20
518,84,78,0,1666228282,0.0,22,16,0,,WTI-22OCT20-T82,less,81.99,,,$81.99 or lower,finalized,2022-10-20 01:11:22,2022-10-20
519,84,80,0,1666228282,0.0,20,16,0,,WTI-22OCT20-T82,less,81.99,,,$81.99 or lower,finalized,2022-10-20 01:11:22,2022-10-20
520,96,92,0,1666228282,0.0,8,4,0,,WTI-22OCT20-T89.99,greater,,90.0,,$90 or higher,finalized,2022-10-20 01:11:22,2022-10-20
521,89,84,5,1666228284,0.0,16,11,15,,WTI-22OCT20-B85.5,between,85.99,85.0,,$85 to 85.99,finalized,2022-10-20 01:11:24,2022-10-20
522,88,84,5,1666228284,0.0,16,12,15,,WTI-22OCT20-B85.5,between,85.99,85.0,,$85 to 85.99,finalized,2022-10-20 01:11:24,2022-10-20
523,96,93,0,1666228374,0.0,7,4,0,,WTI-22OCT20-B88.5,between,88.99,88.0,,$88 to 88.99,finalized,2022-10-20 01:12:54,2022-10-20
524,85,80,0,1666228424,0.0,20,15,0,,WTI-22OCT20-T82,less,81.99,,,$81.99 or lower,finalized,2022-10-20 01:13:44,2022-10-20
525,88,82,5,1666228428,0.0,18,12,15,,WTI-22OCT20-B85.5,between,85.99,85.0,,$85 to 85.99,finalized,2022-10-20 01:13:48,2022-10-20
526,88,80,5,1666228428,0.0,20,12,15,,WTI-22OCT20-B85.5,between,85.99,85.0,,$85 to 85.99,finalized,2022-10-20 01:13:48,2022-10-20
527,94,91,5,1666228430,0.0,9,6,15,,WTI-22OCT20-B87.5,between,87.99,87.0,,$87 to 87.99,finalized,2022-10-20 01:13:50,2022-10-20
528,88,84,5,1666228435,0.0,16,12,15,,WTI-22OCT20-B85.5,between,85.99,85.0,,$85 to 85.99,finalized,2022-10-20 01:13:55,2022-10-20
529,90,85,0,1666228485,0.0,15,10,0,,WTI-22OCT20-B83.5,between,83.99,83.0,,$83 to 83.99,finalized,2022-10-20 01:14:45,2022-10-20
530,91,85,0,1666228485,0.0,15,9,0,,WTI-22OCT20-B83.5,between,83.99,83.0,,$83 to 83.99,finalized,2022-10-20 01:14:45,2022-10-20
531,100,95,5,1666228485,0.0,5,0,7,,WTI-22OCT20-B89.5,between,89.99,89.0,,$89 to 89.99,finalized,2022-10-20 01:14:45,2022-10-20
532,99,95,5,1666228485,0.0,5,1,7,,WTI-22OCT20-B89.5,between,89.99,89.0,,$89 to 89.99,finalized,2022-10-20 01:14:45,2022-10-20
533,95,92,0,1666228485,0.0,8,5,0,,WTI-22OCT20-T89.99,greater,,90.0,,$90 or higher,finalized,2022-10-20 01:14:45,2022-10-20
534,90,85,0,1666228487,0.0,15,10,0,,WTI-22OCT20-B83.5,between,83.99,83.0,,$83 to 83.99,finalized,2022-10-20 01:14:47,2022-10-20
535,85,80,83,1666228562,83.0,20,15,15,,WTI-22OCT20-T82,less,81.99,,,$81.99 or lower,finalized,2022-10-20 01:16:02,2022-10-20
536,96,92,0,1666228571,0.0,8,4,0,,WTI-22OCT20-T89.99,greater,,90.0,,$90 or higher,finalized,2022-10-20 01:16:11,2022-10-20
537,95,91,5,1666228674,0.0,9,5,15,,WTI-22OCT20-B87.5,between,87.99,87.0,,$87 to 87.99,finalized,2022-10-20 01:17:54,2022-10-20
538,85,78,83,1666228675,0.0,22,15,15,,WTI-22OCT20-T82,less,81.99,,,$81.99 or lower,finalized,2022-10-20 01:17:55,2022-10-20
539,95,90,5,1666228722,0.0,10,5,15,,WTI-22OCT20-B87.5,between,87.99,87.0,,$87 to 87.99,finalized,2022-10-20 01:18:42,2022-10-20
540,86,78,83,1666228722,0.0,22,14,15,,WTI-22OCT20-T82,less,81.99,,,$81.99 or lower,finalized,2022-10-20 01:18:42,2022-10-20
541,87,78,83,1666228722,0.0,22,13,15,,WTI-22OCT20-T82,less,81.99,,,$81.99 or lower,finalized,2022-10-20 01:18:42,2022-10-20
542,87,76,83,1666228722,0.0,24,13,15,,WTI-22OCT20-T82,less,81.99,,,$81.99 or lower,finalized,2022-10-20 01:18:42,2022-10-20
543,87,0,83,1666228722,0.0,100,13,15,,WTI-22OCT20-T82,less,81.99,,,$81.99 or lower,finalized,2022-10-20 01:18:42,2022-10-20
544,93,88,0,1666228724,0.0,12,7,0,,WTI-22OCT20-B82.5,between,82.99,82.0,,$82 to 82.99,finalized,2022-10-20 01:18:44,2022-10-20
545,89,84,5,1666228724,0.0,16,11,15,,WTI-22OCT20-B85.5,between,85.99,85.0,,$85 to 85.99,finalized,2022-10-20 01:18:44,2022-10-20
546,98,95,5,1666228725,0.0,5,2,7,,WTI-22OCT20-B89.5,between,89.99,89.0,,$89 to 89.99,finalized,2022-10-20 01:18:45,2022-10-20
547,87,81,83,1666228725,0.0,19,13,15,,WTI-22OCT20-T82,less,81.99,,,$81.99 or lower,finalized,2022-10-20 01:18:45,2022-10-20
548,94,90,5,1666228726,0.0,10,6,15,,WTI-22OCT20-B87.5,between,87.99,87.0,,$87 to 87.99,finalized,2022-10-20 01:18:46,2022-10-20
549,86,81,83,1666228726,0.0,19,14,15,,WTI-22OCT20-T82,less,81.99,,,$81.99 or lower,finalized,2022-10-20 01:18:46,2022-10-20
550,95,92,0,1666228726,0.0,8,5,0,,WTI-22OCT20-T89.99,greater,,90.0,,$90 or higher,finalized,2022-10-20 01:18:46,2022-10-20
551,90,86,0,1666228727,0.0,14,10,0,,WTI-22OCT20-B83.5,between,83.99,83.0,,$83 to 83.99,finalized,2022-10-20 01:18:47,2022-10-20
552,88,84,5,1666228727,0.0,16,12,15,,WTI-22OCT20-B85.5,between,85.99,85.0,,$85 to 85.99,finalized,2022-10-20 01:18:47,2022-10-20
553,93,89,0,1666228728,0.0,11,7,0,,WTI-22OCT20-B82.5,between,82.99,82.0,,$82 to 82.99,finalized,2022-10-20 01:18:48,2022-10-20
554,90,85,0,1666229023,0.0,15,10,0,,WTI-22OCT20-B83.5,between,83.99,83.0,,$83 to 83.99,finalized,2022-10-20 01:23:43,2022-10-20
555,99,95,5,1666229024,0.0,5,1,7,,WTI-22OCT20-B89.5,between,89.99,89.0,,$89 to 89.99,finalized,2022-10-20 01:23:44,2022-10-20
556,94,91,5,1666229031,0.0,9,6,15,,WTI-22OCT20-B87.5,between,87.99,87.0,,$87 to 87.99,finalized,2022-10-20 01:23:51,2022-10-20
557,85,81,83,1666229031,0.0,19,15,15,,WTI-22OCT20-T82,less,81.99,,,$81.99 or lower,finalized,2022-10-20 01:23:51,2022-10-20
558,89,85,0,1666229087,0.0,15,11,0,,WTI-22OCT20-B83.5,between,83.99,83.0,,$83 to 83.99,finalized,2022-10-20 01:24:47,2022-10-20
559,96,92,0,1666229087,0.0,8,4,0,,WTI-22OCT20-T89.99,greater,,90.0,,$90 or higher,finalized,2022-10-20 01:24:47,2022-10-20
560,90,85,0,1666229162,0.0,15,10,0,,WTI-22OCT20-B83.5,between,83.99,83.0,,$83 to 83.99,finalized,2022-10-20 01:26:02,2022-10-20
561,94,89,0,1666229164,0.0,11,6,0,,WTI-22OCT20-B82.5,between,82.99,82.0,,$82 to 82.99,finalized,2022-10-20 01:26:04,2022-10-20
562,90,83,0,1666229164,0.0,17,10,0,,WTI-22OCT20-B83.5,between,83.99,83.0,,$83 to 83.99,finalized,2022-10-20 01:26:04,2022-10-20
563,94,90,5,1666229164,0.0,10,6,15,,WTI-22OCT20-B87.5,between,87.99,87.0,,$87 to 87.99,finalized,2022-10-20 01:26:04,2022-10-20
564,96,92,0,1666229164,0.0,8,4,0,,WTI-22OCT20-B88.5,between,88.99,88.0,,$88 to 88.99,finalized,2022-10-20 01:26:04,2022-10-20
565,99,94,5,1666229164,0.0,6,1,7,,WTI-22OCT20-B89.5,between,89.99,89.0,,$89 to 89.99,finalized,2022-10-20 01:26:04,2022-10-20
566,100,94,5,1666229164,0.0,6,0,7,,WTI-22OCT20-B89.5,between,89.99,89.0,,$89 to 89.99,finalized,2022-10-20 01:26:04,2022-10-20
567,96,91,0,1666229164,0.0,9,4,0,,WTI-22OCT20-T89.99,greater,,90.0,,$90 or higher,finalized,2022-10-20 01:26:04,2022-10-20
568,90,81,0,1666229165,0.0,19,10,0,,WTI-22OCT20-B83.5,between,83.99,83.0,,$83 to 83.99,finalized,2022-10-20 01:26:05,2022-10-20
569,93,89,0,1666229169,0.0,11,7,0,,WTI-22OCT20-B82.5,between,82.99,82.0,,$82 to 82.99,finalized,2022-10-20 01:26:09,2022-10-20
570,90,85,0,1666229169,0.0,15,10,0,,WTI-22OCT20-B83.5,between,83.99,83.0,,$83 to 83.99,finalized,2022-10-20 01:26:09,2022-10-20
571,99,94,5,1666229169,0.0,6,1,7,,WTI-22OCT20-B89.5,between,89.99,89.0,,$89 to 89.99,finalized,2022-10-20 01:26:09,2022-10-20
572,99,95,5,1666229169,0.0,5,1,7,,WTI-22OCT20-B89.5,between,89.99,89.0,,$89 to 89.99,finalized,2022-10-20 01:26:09,2022-10-20
573,96,92,0,1666229169,0.0,8,4,0,,WTI-22OCT20-T89.99,greater,,90.0,,$90 or higher,finalized,2022-10-20 01:26:09,2022-10-20
574,95,92,0,1666229169,0.0,8,5,0,,WTI-22OCT20-T89.99,greater,,90.0,,$90 or higher,finalized,2022-10-20 01:26:09,2022-10-20
575,96,93,0,1666229172,0.0,7,4,0,,WTI-22OCT20-B88.5,between,88.99,88.0,,$88 to 88.99,finalized,2022-10-20 01:26:12,2022-10-20
576,89,86,0,1666229269,0.0,14,11,0,,WTI-22OCT20-B86.5,between,86.99,86.0,,$86 to 86.99,finalized,2022-10-20 01:27:49,2022-10-20
577,96,92,0,1666229269,0.0,8,4,0,,WTI-22OCT20-T89.99,greater,,90.0,,$90 or higher,finalized,2022-10-20 01:27:49,2022-10-20
578,89,85,0,1666229270,0.0,15,11,0,,WTI-22OCT20-B83.5,between,83.99,83.0,,$83 to 83.99,finalized,2022-10-20 01:27:50,2022-10-20
579,89,87,0,1666229270,0.0,13,11,0,,WTI-22OCT20-B86.5,between,86.99,86.0,,$86 to 86.99,finalized,2022-10-20 01:27:50,2022-10-20
580,94,91,5,1666229271,0.0,9,6,15,,WTI-22OCT20-B87.5,between,87.99,87.0,,$87 to 87.99,finalized,2022-10-20 01:27:51,2022-10-20
581,95,91,5,1666229390,0.0,9,5,15,,WTI-22OCT20-B87.5,between,87.99,87.0,,$87 to 87.99,finalized,2022-10-20 01:29:50,2022-10-20
582,85,79,83,1666229390,0.0,21,15,15,,WTI-22OCT20-T82,less,81.99,,,$81.99 or lower,finalized,2022-10-20 01:29:50,2022-10-20
583,95,92,0,1666229391,0.0,8,5,0,,WTI-22OCT20-T89.99,greater,,90.0,,$90 or higher,finalized,2022-10-20 01:29:51,2022-10-20
584,90,85,0,1666229392,0.0,15,10,0,,WTI-22OCT20-B83.5,between,83.99,83.0,,$83 to 83.99,finalized,2022-10-20 01:29:52,2022-10-20
585,94,91,5,1666229392,0.0,9,6,15,,WTI-22OCT20-B87.5,between,87.99,87.0,,$87 to 87.99,finalized,2022-10-20 01:29:52,2022-10-20
586,85,81,83,1666229392,0.0,19,15,15,,WTI-22OCT20-T82,less,81.99,,,$81.99 or lower,finalized,2022-10-20 01:29:52,2022-10-20
587,96,92,0,1666229479,0.0,8,4,0,,WTI-22OCT20-T89.99,greater,,90.0,,$90 or higher,finalized,2022-10-20 01:31:19,2022-10-20
588,89,85,0,1666229481,0.0,15,11,0,,WTI-22OCT20-B83.5,between,83.99,83.0,,$83 to 83.99,finalized,2022-10-20 01:31:21,2022-10-20
589,96,94,0,1666229683,0.0,6,4,0,,WTI-22OCT20-B88.5,between,88.99,88.0,,$88 to 88.99,finalized,2022-10-20 01:34:43,2022-10-20
590,85,80,83,1666229683,0.0,20,15,15,,WTI-22OCT20-T82,less,81.99,,,$81.99 or lower,finalized,2022-10-20 01:34:43,2022-10-20
591,90,85,0,1666229805,0.0,15,10,0,,WTI-22OCT20-B83.5,between,83.99,83.0,,$83 to 83.99,finalized,2022-10-20 01:36:45,2022-10-20
592,94,89,5,1666229805,0.0,11,6,15,,WTI-22OCT20-B87.5,between,87.99,87.0,,$87 to 87.99,finalized,2022-10-20 01:36:45,2022-10-20
593,96,93,0,1666229805,0.0,7,4,0,,WTI-22OCT20-B88.5,between,88.99,88.0,,$88 to 88.99,finalized,2022-10-20 01:36:45,2022-10-20
594,86,80,83,1666229805,0.0,20,14,15,,WTI-22OCT20-T82,less,81.99,,,$81.99 or lower,finalized,2022-10-20 01:36:45,2022-10-20
595,87,80,83,1666229805,0.0,20,13,15,,WTI-22OCT20-T82,less,81.99,,,$81.99 or lower,finalized,2022-10-20 01:36:45,2022-10-20
596,87,76,83,1666229805,0.0,24,13,15,,WTI-22OCT20-T82,less,81.99,,,$81.99 or lower,finalized,2022-10-20 01:36:45,2022-10-20
597,87,0,83,1666229805,0.0,100,13,15,,WTI-22OCT20-T82,less,81.99,,,$81.99 or lower,finalized,2022-10-20 01:36:45,2022-10-20
598,89,84,5,1666229807,0.0,16,11,15,,WTI-22OCT20-B85.5,between,85.99,85.0,,$85 to 85.99,finalized,2022-10-20 01:36:47,2022-10-20
599,94,90,5,1666229807,0.0,10,6,15,,WTI-22OCT20-B87.5,between,87.99,87.0,,$87 to 87.99,finalized,2022-10-20 01:36:47,2022-10-20
600,87,81,83,1666229807,0.0,19,13,15,,WTI-22OCT20-T82,less,81.99,,,$81.99 or lower,finalized,2022-10-20 01:36:47,2022-10-20
601,86,81,83,1666229807,0.0,19,14,15,,WTI-22OCT20-T82,less,81.99,,,$81.99 or lower,finalized,2022-10-20 01:36:47,2022-10-20
602,95,92,0,1666229807,0.0,8,5,0,,WTI-22OCT20-T89.99,greater,,90.0,,$90 or higher,finalized,2022-10-20 01:36:47,2022-10-20
603,88,84,5,1666229808,0.0,16,12,15,,WTI-22OCT20-B85.5,between,85.99,85.0,,$85 to 85.99,finalized,2022-10-20 01:36:48,2022-10-20
604,96,92,0,1666229874,0.0,8,4,0,,WTI-22OCT20-T89.99,greater,,90.0,,$90 or higher,finalized,2022-10-20 01:37:54,2022-10-20
605,96,90,5,1666229922,0.0,10,4,15,,WTI-22OCT20-B87.5,between,87.99,87.0,,$87 to 87.99,finalized,2022-10-20 01:38:42,2022-10-20
606,86,79,83,1666229922,0.0,21,14,15,,WTI-22OCT20-T82,less,81.99,,,$81.99 or lower,finalized,2022-10-20 01:38:42,2022-10-20
607,86,77,83,1666229922,0.0,23,14,15,,WTI-22OCT20-T82,less,81.99,,,$81.99 or lower,finalized,2022-10-20 01:38:42,2022-10-20
608,86,0,83,1666229922,0.0,100,14,15,,WTI-22OCT20-T82,less,81.99,,,$81.99 or lower,finalized,2022-10-20 01:38:42,2022-10-20
609,95,90,5,1666229928,0.0,10,5,15,,WTI-22OCT20-B87.5,between,87.99,87.0,,$87 to 87.99,finalized,2022-10-20 01:38:48,2022-10-20
610,96,94,0,1666229928,0.0,6,4,0,,WTI-22OCT20-B88.5,between,88.99,88.0,,$88 to 88.99,finalized,2022-10-20 01:38:48,2022-10-20
611,85,0,83,1666229928,0.0,100,15,15,,WTI-22OCT20-T82,less,81.99,,,$81.99 or lower,finalized,2022-10-20 01:38:48,2022-10-20
612,85,80,83,1666229928,0.0,20,15,15,,WTI-22OCT20-T82,less,81.99,,,$81.99 or lower,finalized,2022-10-20 01:38:48,2022-10-20
613,92,89,0,1666229929,0.0,11,8,0,,WTI-22OCT20-B82.5,between,82.99,82.0,,$82 to 82.99,finalized,2022-10-20 01:38:49,2022-10-20
614,89,85,0,1666229929,0.0,15,11,0,,WTI-22OCT20-B83.5,between,83.99,83.0,,$83 to 83.99,finalized,2022-10-20 01:38:49,2022-10-20
615,95,91,5,1666229929,0.0,9,5,15,,WTI-22OCT20-B87.5,between,87.99,87.0,,$87 to 87.99,finalized,2022-10-20 01:38:49,2022-10-20
616,93,89,0,1666229988,0.0,11,7,0,,WTI-22OCT20-B82.5,between,82.99,82.0,,$82 to 82.99,finalized,2022-10-20 01:39:48,2022-10-20
617,85,78,83,1666229988,0.0,22,15,15,,WTI-22OCT20-T82,less,81.99,,,$81.99 or lower,finalized,2022-10-20 01:39:48,2022-10-20
618,85,76,83,1666229988,0.0,24,15,15,,WTI-22OCT20-T82,less,81.99,,,$81.99 or lower,finalized,2022-10-20 01:39:48,2022-10-20
619,94,91,5,1666229990,0.0,9,6,15,,WTI-22OCT20-B87.5,between,87.99,87.0,,$87 to 87.99,finalized,2022-10-20 01:39:50,2022-10-20
620,96,93,0,1666229990,0.0,7,4,0,,WTI-22OCT20-B88.5,between,88.99,88.0,,$88 to 88.99,finalized,2022-10-20 01:39:50,2022-10-20
621,85,0,83,1666229990,0.0,100,15,15,,WTI-22OCT20-T82,less,81.99,,,$81.99 or lower,finalized,2022-10-20 01:39:50,2022-10-20
622,85,81,83,1666229990,0.0,19,15,15,,WTI-22OCT20-T82,less,81.99,,,$81.99 or lower,finalized,2022-10-20 01:39:50,2022-10-20
623,93,88,0,1666230073,0.0,12,7,0,,WTI-22OCT20-B82.5,between,82.99,82.0,,$82 to 82.99,finalized,2022-10-20 01:41:13,2022-10-20
624,90,85,0,1666230073,0.0,15,10,0,,WTI-22OCT20-B83.5,between,83.99,83.0,,$83 to 83.99,finalized,2022-10-20 01:41:13,2022-10-20
625,94,90,5,1666230073,0.0,10,6,15,,WTI-22OCT20-B87.5,between,87.99,87.0,,$87 to 87.99,finalized,2022-10-20 01:41:13,2022-10-20
626,100,95,5,1666230073,0.0,5,0,7,,WTI-22OCT20-B89.5,between,89.99,89.0,,$89 to 89.99,finalized,2022-10-20 01:41:13,2022-10-20
627,86,81,83,1666230073,0.0,19,14,15,,WTI-22OCT20-T82,less,81.99,,,$81.99 or lower,finalized,2022-10-20 01:41:13,2022-10-20
628,93,89,0,1666230075,0.0,11,7,0,,WTI-22OCT20-B82.5,between,82.99,82.0,,$82 to 82.99,finalized,2022-10-20 01:41:15,2022-10-20
629,99,95,5,1666230075,0.0,5,1,7,,WTI-22OCT20-B89.5,between,89.99,89.0,,$89 to 89.99,finalized,2022-10-20 01:41:15,2022-10-20
630,95,92,0,1666230075,0.0,8,5,0,,WTI-22OCT20-T89.99,greater,,90.0,,$90 or higher,finalized,2022-10-20 01:41:15,2022-10-20
631,94,89,0,1666230167,0.0,11,6,0,,WTI-22OCT20-B82.5,between,82.99,82.0,,$82 to 82.99,finalized,2022-10-20 01:42:47,2022-10-20
632,93,89,0,1666230167,0.0,11,7,0,,WTI-22OCT20-B82.5,between,82.99,82.0,,$82 to 82.99,finalized,2022-10-20 01:42:47,2022-10-20
633,89,85,0,1666230167,0.0,15,11,0,,WTI-22OCT20-B83.5,between,83.99,83.0,,$83 to 83.99,finalized,2022-10-20 01:42:47,2022-10-20
634,96,92,0,1666230167,0.0,8,4,0,,WTI-22OCT20-B88.5,between,88.99,88.0,,$88 to 88.99,finalized,2022-10-20 01:42:47,2022-10-20
635,85,81,83,1666230167,0.0,19,15,15,,WTI-22OCT20-T82,less,81.99,,,$81.99 or lower,finalized,2022-10-20 01:42:47,2022-10-20
636,96,92,0,1666230167,0.0,8,4,0,,WTI-22OCT20-T89.99,greater,,90.0,,$90 or higher,finalized,2022-10-20 01:42:47,2022-10-20
637,94,91,5,1666230168,0.0,9,6,15,,WTI-22OCT20-B87.5,between,87.99,87.0,,$87 to 87.99,finalized,2022-10-20 01:42:48,2022-10-20
638,96,93,0,1666230169,0.0,7,4,0,,WTI-22OCT20-B88.5,between,88.99,88.0,,$88 to 88.99,finalized,2022-10-20 01:42:49,2022-10-20
639,96,91,0,1666230225,0.0,9,4,0,,WTI-22OCT20-T89.99,greater,,90.0,,$90 or higher,finalized,2022-10-20 01:43:45,2022-10-20
640,99,94,5,1666230226,0.0,6,1,7,,WTI-22OCT20-B89.5,between,89.99,89.0,,$89 to 89.99,finalized,2022-10-20 01:43:46,2022-10-20
641,99,95,5,1666230227,0.0,5,1,7,,WTI-22OCT20-B89.5,between,89.99,89.0,,$89 to 89.99,finalized,2022-10-20 01:43:47,2022-10-20
642,96,92,0,1666230227,0.0,8,4,0,,WTI-22OCT20-T89.99,greater,,90.0,,$90 or higher,finalized,2022-10-20 01:43:47,2022-10-20
643,95,91,5,1666230372,0.0,9,5,15,,WTI-22OCT20-B87.5,between,87.99,87.0,,$87 to 87.99,finalized,2022-10-20 01:46:12,2022-10-20
644,94,91,5,1666230372,0.0,9,6,15,,WTI-22OCT20-B87.5,between,87.99,87.0,,$87 to 87.99,finalized,2022-10-20 01:46:12,2022-10-20
645,89,84,5,1666230373,0.0,16,11,15,,WTI-22OCT20-B85.5,between,85.99,85.0,,$85 to 85.99,finalized,2022-10-20 01:46:13,2022-10-20
646,88,84,5,1666230374,0.0,16,12,15,,WTI-22OCT20-B85.5,between,85.99,85.0,,$85 to 85.99,finalized,2022-10-20 01:46:14,2022-10-20
647,90,85,0,1666230522,0.0,15,10,0,,WTI-22OCT20-B83.5,between,83.99,83.0,,$83 to 83.99,finalized,2022-10-20 01:48:42,2022-10-20
648,90,83,0,1666230522,0.0,17,10,0,,WTI-22OCT20-B83.5,between,83.99,83.0,,$83 to 83.99,finalized,2022-10-20 01:48:42,2022-10-20
649,91,83,0,1666230522,0.0,17,9,0,,WTI-22OCT20-B83.5,between,83.99,83.0,,$83 to 83.99,finalized,2022-10-20 01:48:42,2022-10-20
650,94,90,5,1666230524,0.0,10,6,15,,WTI-22OCT20-B87.5,between,87.99,87.0,,$87 to 87.99,finalized,2022-10-20 01:48:44,2022-10-20
651,94,89,5,1666230524,0.0,11,6,15,,WTI-22OCT20-B87.5,between,87.99,87.0,,$87 to 87.99,finalized,2022-10-20 01:48:44,2022-10-20
652,85,79,83,1666230524,0.0,21,15,15,,WTI-22OCT20-T82,less,81.99,,,$81.99 or lower,finalized,2022-10-20 01:48:44,2022-10-20
653,87,79,83,1666230525,0.0,21,13,15,,WTI-22OCT20-T82,less,81.99,,,$81.99 or lower,finalized,2022-10-20 01:48:45,2022-10-20
654,87,0,83,1666230525,0.0,100,13,15,,WTI-22OCT20-T82,less,81.99,,,$81.99 or lower,finalized,2022-10-20 01:48:45,2022-10-20
655,90,83,0,1666230527,0.0,17,10,0,,WTI-22OCT20-B83.5,between,83.99,83.0,,$83 to 83.99,finalized,2022-10-20 01:48:47,2022-10-20
656,94,90,5,1666230527,0.0,10,6,15,,WTI-22OCT20-B87.5,between,87.99,87.0,,$87 to 87.99,finalized,2022-10-20 01:48:47,2022-10-20
657,98,95,5,1666230528,0.0,5,2,7,,WTI-22OCT20-B89.5,between,89.99,89.0,,$89 to 89.99,finalized,2022-10-20 01:48:48,2022-10-20
658,87,80,83,1666230528,0.0,20,13,15,,WTI-22OCT20-T82,less,81.99,,,$81.99 or lower,finalized,2022-10-20 01:48:48,2022-10-20
659,86,80,83,1666230528,0.0,20,14,15,,WTI-22OCT20-T82,less,81.99,,,$81.99 or lower,finalized,2022-10-20 01:48:48,2022-10-20
660,95,92,0,1666230528,0.0,8,5,0,,WTI-22OCT20-T89.99,greater,,90.0,,$90 or higher,finalized,2022-10-20 01:48:48,2022-10-20
661,90,85,0,1666230529,0.0,15,10,0,,WTI-22OCT20-B83.5,between,83.99,83.0,,$83 to 83.99,finalized,2022-10-20 01:48:49,2022-10-20
662,86,82,83,1666230529,0.0,18,14,15,,WTI-22OCT20-T82,less,81.99,,,$81.99 or lower,finalized,2022-10-20 01:48:49,2022-10-20
663,99,95,5,1666230680,0.0,5,1,7,,WTI-22OCT20-B89.5,between,89.99,89.0,,$89 to 89.99,finalized,2022-10-20 01:51:20,2022-10-20
664,86,81,83,1666230680,0.0,19,14,15,,WTI-22OCT20-T82,less,81.99,,,$81.99 or lower,finalized,2022-10-20 01:51:20,2022-10-20
665,96,92,0,1666230680,0.0,8,4,0,,WTI-22OCT20-T89.99,greater,,90.0,,$90 or higher,finalized,2022-10-20 01:51:20,2022-10-20
666,86,77,83,1666230821,0.0,23,14,15,,WTI-22OCT20-T82,less,81.99,,,$81.99 or lower,finalized,2022-10-20 01:53:41,2022-10-20
667,86,0,83,1666230821,0.0,100,14,15,,WTI-22OCT20-T82,less,81.99,,,$81.99 or lower,finalized,2022-10-20 01:53:41,2022-10-20
668,100,95,5,1666230822,0.0,5,0,7,,WTI-22OCT20-B89.5,between,89.99,89.0,,$89 to 89.99,finalized,2022-10-20 01:53:42,2022-10-20
669,96,90,5,1666230823,0.0,10,4,15,,WTI-22OCT20-B87.5,between,87.99,87.0,,$87 to 87.99,finalized,2022-10-20 01:53:43,2022-10-20
670,93,88,0,1666230825,0.0,12,7,0,,WTI-22OCT20-B82.5,between,82.99,82.0,,$82 to 82.99,finalized,2022-10-20 01:53:45,2022-10-20
671,99,95,5,1666230825,0.0,5,1,7,,WTI-22OCT20-B89.5,between,89.99,89.0,,$89 to 89.99,finalized,2022-10-20 01:53:45,2022-10-20
672,86,82,83,1666230825,0.0,18,14,15,,WTI-22OCT20-T82,less,81.99,,,$81.99 or lower,finalized,2022-10-20 01:53:45,2022-10-20
673,95,90,5,1666230826,0.0,10,5,15,,WTI-22OCT20-B87.5,between,87.99,87.0,,$87 to 87.99,finalized,2022-10-20 01:53:46,2022-10-20
674,94,90,5,1666230826,0.0,10,6,15,,WTI-22OCT20-B87.5,between,87.99,87.0,,$87 to 87.99,finalized,2022-10-20 01:53:46,2022-10-20
675,95,92,0,1666230826,0.0,8,5,0,,WTI-22OCT20-T89.99,greater,,90.0,,$90 or higher,finalized,2022-10-20 01:53:46,2022-10-20
676,98,95,5,1666230827,0.0,5,2,7,,WTI-22OCT20-B89.5,between,89.99,89.0,,$89 to 89.99,finalized,2022-10-20 01:53:47,2022-10-20
677,93,89,0,1666230830,0.0,11,7,0,,WTI-22OCT20-B82.5,between,82.99,82.0,,$82 to 82.99,finalized,2022-10-20 01:53:50,2022-10-20
678,96,92,0,1666230974,0.0,8,4,0,,WTI-22OCT20-T89.99,greater,,90.0,,$90 or higher,finalized,2022-10-20 01:56:14,2022-10-20
679,85,81,88,1666230975,0.0,19,15,15,,WTI-22OCT20-B84.5,between,84.99,84.0,,$84 to 84.99,finalized,2022-10-20 01:56:15,2022-10-20
680,99,95,5,1666230975,0.0,5,1,7,,WTI-22OCT20-B89.5,between,89.99,89.0,,$89 to 89.99,finalized,2022-10-20 01:56:15,2022-10-20
681,86,80,83,1666230975,0.0,20,14,15,,WTI-22OCT20-T82,less,81.99,,,$81.99 or lower,finalized,2022-10-20 01:56:15,2022-10-20
682,86,78,83,1666230975,0.0,22,14,15,,WTI-22OCT20-T82,less,81.99,,,$81.99 or lower,finalized,2022-10-20 01:56:15,2022-10-20
683,86,0,83,1666230975,0.0,100,14,15,,WTI-22OCT20-T82,less,81.99,,,$81.99 or lower,finalized,2022-10-20 01:56:15,2022-10-20
684,85,79,88,1666230976,0.0,21,15,15,,WTI-22OCT20-B84.5,between,84.99,84.0,,$84 to 84.99,finalized,2022-10-20 01:56:16,2022-10-20
685,85,0,88,1666230978,0.0,100,15,15,,WTI-22OCT20-B84.5,between,84.99,84.0,,$84 to 84.99,finalized,2022-10-20 01:56:18,2022-10-20
686,89,85,0,1666230983,0.0,15,11,0,,WTI-22OCT20-B83.5,between,83.99,83.0,,$83 to 83.99,finalized,2022-10-20 01:56:23,2022-10-20
687,94,91,5,1666230983,0.0,9,6,15,,WTI-22OCT20-B87.5,between,87.99,87.0,,$87 to 87.99,finalized,2022-10-20 01:56:23,2022-10-20
688,85,0,83,1666230983,0.0,100,15,15,,WTI-22OCT20-T82,less,81.99,,,$81.99 or lower,finalized,2022-10-20 01:56:23,2022-10-20
689,85,81,83,1666230983,0.0,19,15,15,,WTI-22OCT20-T82,less,81.99,,,$81.99 or lower,finalized,2022-10-20 01:56:23,2022-10-20
690,85,78,88,1666230984,0.0,22,15,15,,WTI-22OCT20-B84.5,between,84.99,84.0,,$84 to 84.99,finalized,2022-10-20 01:56:24,2022-10-20
691,85,80,88,1666230984,0.0,20,15,15,,WTI-22OCT20-B84.5,between,84.99,84.0,,$84 to 84.99,finalized,2022-10-20 01:56:24,2022-10-20
692,85,82,88,1666230984,0.0,18,15,15,,WTI-22OCT20-B84.5,between,84.99,84.0,,$84 to 84.99,finalized,2022-10-20 01:56:24,2022-10-20
693,94,89,0,1666231121,0.0,11,6,0,,WTI-22OCT20-B82.5,between,82.99,82.0,,$82 to 82.99,finalized,2022-10-20 01:58:41,2022-10-20
694,93,89,0,1666231123,0.0,11,7,0,,WTI-22OCT20-B82.5,between,82.99,82.0,,$82 to 82.99,finalized,2022-10-20 01:58:43,2022-10-20
695,96,94,0,1666231123,0.0,6,4,0,,WTI-22OCT20-B88.5,between,88.99,88.0,,$88 to 88.99,finalized,2022-10-20 01:58:43,2022-10-20
696,95,91,5,1666231191,0.0,9,5,15,,WTI-22OCT20-B87.5,between,87.99,87.0,,$87 to 87.99,finalized,2022-10-20 01:59:51,2022-10-20
697,85,77,83,1666231191,0.0,23,15,15,,WTI-22OCT20-T82,less,81.99,,,$81.99 or lower,finalized,2022-10-20 01:59:51,2022-10-20
698,85,0,83,1666231192,0.0,100,15,15,,WTI-22OCT20-T82,less,81.99,,,$81.99 or lower,finalized,2022-10-20 01:59:52,2022-10-20
699,92,89,0,1666231288,0.0,11,8,0,,WTI-22OCT20-B82.5,between,82.99,82.0,,$82 to 82.99,finalized,2022-10-20 02:01:28,2022-10-20
700,85,80,83,1666231288,0.0,20,15,15,,WTI-22OCT20-T82,less,81.99,,,$81.99 or lower,finalized,2022-10-20 02:01:28,2022-10-20
701,93,89,0,1666231372,0.0,11,7,0,,WTI-22OCT20-B82.5,between,82.99,82.0,,$82 to 82.99,finalized,2022-10-20 02:02:52,2022-10-20
702,94,91,5,1666231372,0.0,9,6,15,,WTI-22OCT20-B87.5,between,87.99,87.0,,$87 to 87.99,finalized,2022-10-20 02:02:52,2022-10-20
703,85,81,83,1666231372,0.0,19,15,15,,WTI-22OCT20-T82,less,81.99,,,$81.99 or lower,finalized,2022-10-20 02:02:52,2022-10-20
704,93,88,0,1666231429,0.0,12,7,0,,WTI-22OCT20-B82.5,between,82.99,82.0,,$82 to 82.99,finalized,2022-10-20 02:03:49,2022-10-20
705,95,91,5,1666231429,0.0,9,5,15,,WTI-22OCT20-B87.5,between,87.99,87.0,,$87 to 87.99,finalized,2022-10-20 02:03:49,2022-10-20
706,85,0,83,1666231429,0.0,100,15,15,,WTI-22OCT20-T82,less,81.99,,,$81.99 or lower,finalized,2022-10-20 02:03:49,2022-10-20
707,92,88,0,1666231430,0.0,12,8,0,,WTI-22OCT20-B82.5,between,82.99,82.0,,$82 to 82.99,finalized,2022-10-20 02:03:50,2022-10-20
708,85,78,83,1666231433,0.0,22,15,15,,WTI-22OCT20-T82,less,81.99,,,$81.99 or lower,finalized,2022-10-20 02:03:53,2022-10-20
709,85,80,83,1666231433,0.0,20,15,15,,WTI-22OCT20-T82,less,81.99,,,$81.99 or lower,finalized,2022-10-20 02:03:53,2022-10-20
710,93,88,0,1666231490,0.0,12,7,0,,WTI-22OCT20-B82.5,between,82.99,82.0,,$82 to 82.99,finalized,2022-10-20 02:04:50,2022-10-20
711,96,91,5,1666231490,0.0,9,4,15,,WTI-22OCT20-B87.5,between,87.99,87.0,,$87 to 87.99,finalized,2022-10-20 02:04:50,2022-10-20
712,85,0,83,1666231491,0.0,100,15,15,,WTI-22OCT20-T82,less,81.99,,,$81.99 or lower,finalized,2022-10-20 02:04:51,2022-10-20
713,95,91,5,1666231492,0.0,9,5,15,,WTI-22OCT20-B87.5,between,87.99,87.0,,$87 to 87.99,finalized,2022-10-20 02:04:52,2022-10-20
714,85,79,83,1666231492,0.0,21,15,15,,WTI-22OCT20-T82,less,81.99,,,$81.99 or lower,finalized,2022-10-20 02:04:52,2022-10-20
715,85,81,83,1666231492,0.0,19,15,15,,WTI-22OCT20-T82,less,81.99,,,$81.99 or lower,finalized,2022-10-20 02:04:52,2022-10-20
716,93,89,0,1666231493,0.0,11,7,0,,WTI-22OCT20-B82.5,between,82.99,82.0,,$82 to 82.99,finalized,2022-10-20 02:04:53,2022-10-20
717,94,91,5,1666231493,0.0,9,6,15,,WTI-22OCT20-B87.5,between,87.99,87.0,,$87 to 87.99,finalized,2022-10-20 02:04:53,2022-10-20
718,95,91,5,1666231566,0.0,9,5,15,,WTI-22OCT20-B87.5,between,87.99,87.0,,$87 to 87.99,finalized,2022-10-20 02:06:06,2022-10-20
719,92,89,0,1666231567,0.0,11,8,0,,WTI-22OCT20-B82.5,between,82.99,82.0,,$82 to 82.99,finalized,2022-10-20 02:06:07,2022-10-20
720,92,87,0,1666231669,0.0,13,8,0,,WTI-22OCT20-B82.5,between,82.99,82.0,,$82 to 82.99,finalized,2022-10-20 02:07:49,2022-10-20
721,85,79,83,1666231669,0.0,21,15,15,,WTI-22OCT20-T82,less,81.99,,,$81.99 or lower,finalized,2022-10-20 02:07:49,2022-10-20
722,85,0,83,1666231669,0.0,100,15,15,,WTI-22OCT20-T82,less,81.99,,,$81.99 or lower,finalized,2022-10-20 02:07:49,2022-10-20
723,92,88,0,1666231671,0.0,12,8,0,,WTI-22OCT20-B82.5,between,82.99,82.0,,$82 to 82.99,finalized,2022-10-20 02:07:51,2022-10-20
724,85,80,83,1666231671,0.0,20,15,15,,WTI-22OCT20-T82,less,81.99,,,$81.99 or lower,finalized,2022-10-20 02:07:51,2022-10-20
725,88,82,5,1666231783,0.0,18,12,15,,WTI-22OCT20-B85.5,between,85.99,85.0,,$85 to 85.99,finalized,2022-10-20 02:09:43,2022-10-20
726,90,85,0,1666231786,0.0,15,10,0,,WTI-22OCT20-B83.5,between,83.99,83.0,,$83 to 83.99,finalized,2022-10-20 02:09:46,2022-10-20
727,85,78,88,1666231788,0.0,22,15,15,,WTI-22OCT20-B84.5,between,84.99,84.0,,$84 to 84.99,finalized,2022-10-20 02:09:48,2022-10-20
728,88,0,5,1666231788,0.0,100,12,15,,WTI-22OCT20-B85.5,between,85.99,85.0,,$85 to 85.99,finalized,2022-10-20 02:09:48,2022-10-20
729,89,86,0,1666231788,0.0,14,11,0,,WTI-22OCT20-B86.5,between,86.99,86.0,,$86 to 86.99,finalized,2022-10-20 02:09:48,2022-10-20
730,85,0,88,1666231789,0.0,100,15,15,,WTI-22OCT20-B84.5,between,84.99,84.0,,$84 to 84.99,finalized,2022-10-20 02:09:49,2022-10-20
731,95,90,5,1666231790,0.0,10,5,15,,WTI-22OCT20-B87.5,between,87.99,87.0,,$87 to 87.99,finalized,2022-10-20 02:09:50,2022-10-20
732,97,90,5,1666231790,0.0,10,3,15,,WTI-22OCT20-B87.5,between,87.99,87.0,,$87 to 87.99,finalized,2022-10-20 02:09:50,2022-10-20
733,96,93,0,1666231790,0.0,7,4,0,,WTI-22OCT20-B88.5,between,88.99,88.0,,$88 to 88.99,finalized,2022-10-20 02:09:50,2022-10-20
734,99,94,5,1666231790,0.0,6,1,7,,WTI-22OCT20-B89.5,between,89.99,89.0,,$89 to 89.99,finalized,2022-10-20 02:09:50,2022-10-20
735,100,94,5,1666231790,0.0,6,0,7,,WTI-22OCT20-B89.5,between,89.99,89.0,,$89 to 89.99,finalized,2022-10-20 02:09:50,2022-10-20
736,85,78,83,1666231790,0.0,22,15,15,,WTI-22OCT20-T82,less,81.99,,,$81.99 or lower,finalized,2022-10-20 02:09:50,2022-10-20
737,86,78,83,1666231790,0.0,22,14,15,,WTI-22OCT20-T82,less,81.99,,,$81.99 or lower,finalized,2022-10-20 02:09:50,2022-10-20
738,86,0,83,1666231790,0.0,100,14,15,,WTI-22OCT20-T82,less,81.99,,,$81.99 or lower,finalized,2022-10-20 02:09:50,2022-10-20
739,96,91,0,1666231790,0.0,9,4,0,,WTI-22OCT20-T89.99,greater,,90.0,,$90 or higher,finalized,2022-10-20 02:09:50,2022-10-20
740,88,82,5,1666231793,0.0,18,12,15,,WTI-22OCT20-B85.5,between,85.99,85.0,,$85 to 85.99,finalized,2022-10-20 02:09:53,2022-10-20
741,88,84,5,1666231793,0.0,16,12,15,,WTI-22OCT20-B85.5,between,85.99,85.0,,$85 to 85.99,finalized,2022-10-20 02:09:53,2022-10-20
742,89,85,0,1666231795,0.0,15,11,0,,WTI-22OCT20-B83.5,between,83.99,83.0,,$83 to 83.99,finalized,2022-10-20 02:09:55,2022-10-20
743,85,78,88,1666231795,0.0,22,15,15,,WTI-22OCT20-B84.5,between,84.99,84.0,,$84 to 84.99,finalized,2022-10-20 02:09:55,2022-10-20
744,85,82,88,1666231795,0.0,18,15,15,,WTI-22OCT20-B84.5,between,84.99,84.0,,$84 to 84.99,finalized,2022-10-20 02:09:55,2022-10-20
745,89,87,0,1666231795,0.0,13,11,0,,WTI-22OCT20-B86.5,between,86.99,86.0,,$86 to 86.99,finalized,2022-10-20 02:09:55,2022-10-20
746,96,94,0,1666231795,0.0,6,4,0,,WTI-22OCT20-B88.5,between,88.99,88.0,,$88 to 88.99,finalized,2022-10-20 02:09:55,2022-10-20
747,96,92,0,1666231795,0.0,8,4,0,,WTI-22OCT20-T89.99,greater,,90.0,,$90 or higher,finalized,2022-10-20 02:09:55,2022-10-20
748,89,83,0,1666231873,0.0,17,11,0,,WTI-22OCT20-B83.5,between,83.99,83.0,,$83 to 83.99,finalized,2022-10-20 02:11:13,2022-10-20
749,89,84,5,1666231873,0.0,16,11,15,,WTI-22OCT20-B85.5,between,85.99,85.0,,$85 to 85.99,finalized,2022-10-20 02:11:13,2022-10-20
750,96,88,0,1666231874,0.0,12,4,0,,WTI-22OCT20-B82.5,between,82.99,82.0,,$82 to 82.99,finalized,2022-10-20 02:11:14,2022-10-20
751,100,90,5,1666231875,0.0,10,0,15,,WTI-22OCT20-B87.5,between,87.99,87.0,,$87 to 87.99,finalized,2022-10-20 02:11:15,2022-10-20
752,100,0,5,1666231875,0.0,100,0,7,,WTI-22OCT20-B89.5,between,89.99,89.0,,$89 to 89.99,finalized,2022-10-20 02:11:15,2022-10-20
753,89,85,0,1666231876,0.0,15,11,0,,WTI-22OCT20-B83.5,between,83.99,83.0,,$83 to 83.99,finalized,2022-10-20 02:11:16,2022-10-20
754,88,84,5,1666231876,0.0,16,12,15,,WTI-22OCT20-B85.5,between,85.99,85.0,,$85 to 85.99,finalized,2022-10-20 02:11:16,2022-10-20
755,94,90,5,1666231878,0.0,10,6,15,,WTI-22OCT20-B87.5,between,87.99,87.0,,$87 to 87.99,finalized,2022-10-20 02:11:18,2022-10-20
756,100,95,5,1666231878,0.0,5,0,7,,WTI-22OCT20-B89.5,between,89.99,89.0,,$89 to 89.99,finalized,2022-10-20 02:11:18,2022-10-20
757,99,95,5,1666231878,0.0,5,1,7,,WTI-22OCT20-B89.5,between,89.99,89.0,,$89 to 89.99,finalized,2022-10-20 02:11:18,2022-10-20
758,86,79,83,1666231878,0.0,21,14,15,,WTI-22OCT20-T82,less,81.99,,,$81.99 or lower,finalized,2022-10-20 02:11:18,2022-10-20
759,85,79,83,1666231878,0.0,21,15,15,,WTI-22OCT20-T82,less,81.99,,,$81.99 or lower,finalized,2022-10-20 02:11:18,2022-10-20
760,94,91,5,1666231879,0.0,9,6,15,,WTI-22OCT20-B87.5,between,87.99,87.0,,$87 to 87.99,finalized,2022-10-20 02:11:19,2022-10-20
761,85,81,83,1666231879,0.0,19,15,15,,WTI-22OCT20-T82,less,81.99,,,$81.99 or lower,finalized,2022-10-20 02:11:19,2022-10-20
762,93,88,0,1666231880,0.0,12,7,0,,WTI-22OCT20-B82.5,between,82.99,82.0,,$82 to 82.99,finalized,2022-10-20 02:11:20,2022-10-20
763,93,89,0,1666231881,0.0,11,7,0,,WTI-22OCT20-B82.5,between,82.99,82.0,,$82 to 82.99,finalized,2022-10-20 02:11:21,2022-10-20
764,92,89,0,1666232092,0.0,11,8,0,,WTI-22OCT20-B82.5,between,82.99,82.0,,$82 to 82.99,finalized,2022-10-20 02:14:52,2022-10-20
765,95,91,5,1666232092,0.0,9,5,15,,WTI-22OCT20-B87.5,between,87.99,87.0,,$87 to 87.99,finalized,2022-10-20 02:14:52,2022-10-20
766,93,89,0,1666232262,0.0,11,7,0,,WTI-22OCT20-B82.5,between,82.99,82.0,,$82 to 82.99,finalized,2022-10-20 02:17:42,2022-10-20
767,94,91,5,1666232264,0.0,9,6,15,,WTI-22OCT20-B87.5,between,87.99,87.0,,$87 to 87.99,finalized,2022-10-20 02:17:44,2022-10-20
768,100,95,5,1666232321,0.0,5,0,7,,WTI-22OCT20-B89.5,between,89.99,89.0,,$89 to 89.99,finalized,2022-10-20 02:18:41,2022-10-20
769,86,81,83,1666232321,0.0,19,14,15,,WTI-22OCT20-T82,less,81.99,,,$81.99 or lower,finalized,2022-10-20 02:18:41,2022-10-20
770,87,81,83,1666232321,0.0,19,13,15,,WTI-22OCT20-T82,less,81.99,,,$81.99 or lower,finalized,2022-10-20 02:18:41,2022-10-20
771,99,95,5,1666232323,0.0,5,1,7,,WTI-22OCT20-B89.5,between,89.99,89.0,,$89 to 89.99,finalized,2022-10-20 02:18:43,2022-10-20
772,86,81,83,1666232324,0.0,19,14,15,,WTI-22OCT20-T82,less,81.99,,,$81.99 or lower,finalized,2022-10-20 02:18:44,2022-10-20
773,88,82,130,1666232331,125.0,18,12,16,,WTI-22OCT20-B85.5,between,85.99,85.0,,$85 to 85.99,finalized,2022-10-20 02:18:51,2022-10-20
774,85,80,249,1666232334,161.0,20,15,18,,WTI-22OCT20-B84.5,between,84.99,84.0,,$84 to 84.99,finalized,2022-10-20 02:18:54,2022-10-20
775,89,83,147,1666232338,147.0,17,11,15,,WTI-22OCT20-B83.5,between,83.99,83.0,,$83 to 83.99,finalized,2022-10-20 02:18:58,2022-10-20
776,89,85,147,1666232387,0.0,15,11,15,,WTI-22OCT20-B83.5,between,83.99,83.0,,$83 to 83.99,finalized,2022-10-20 02:19:47,2022-10-20
777,85,82,249,1666232387,0.0,18,15,18,,WTI-22OCT20-B84.5,between,84.99,84.0,,$84 to 84.99,finalized,2022-10-20 02:19:47,2022-10-20
778,88,84,130,1666232387,0.0,16,12,16,,WTI-22OCT20-B85.5,between,85.99,85.0,,$85 to 85.99,finalized,2022-10-20 02:19:47,2022-10-20
779,85,81,83,1666232387,0.0,19,15,15,,WTI-22OCT20-T82,less,81.99,,,$81.99 or lower,finalized,2022-10-20 02:19:47,2022-10-20
780,88,82,130,1666232488,0.0,18,12,16,,WTI-22OCT20-B85.5,between,85.99,85.0,,$85 to 85.99,finalized,2022-10-20 02:21:28,2022-10-20
781,88,0,130,1666232488,0.0,100,12,16,,WTI-22OCT20-B85.5,between,85.99,85.0,,$85 to 85.99,finalized,2022-10-20 02:21:28,2022-10-20
782,88,79,130,1666232490,0.0,21,12,16,,WTI-22OCT20-B85.5,between,85.99,85.0,,$85 to 85.99,finalized,2022-10-20 02:21:30,2022-10-20
783,88,81,130,1666232490,0.0,19,12,16,,WTI-22OCT20-B85.5,between,85.99,85.0,,$85 to 85.99,finalized,2022-10-20 02:21:30,2022-10-20
784,88,83,130,1666232490,0.0,17,12,16,,WTI-22OCT20-B85.5,between,85.99,85.0,,$85 to 85.99,finalized,2022-10-20 02:21:30,2022-10-20
785,86,81,83,1666232490,0.0,19,14,15,,WTI-22OCT20-T82,less,81.99,,,$81.99 or lower,finalized,2022-10-20 02:21:30,2022-10-20
786,86,0,83,1666232490,0.0,100,14,15,,WTI-22OCT20-T82,less,81.99,,,$81.99 or lower,finalized,2022-10-20 02:21:30,2022-10-20
787,86,82,83,1666232490,0.0,18,14,15,,WTI-22OCT20-T82,less,81.99,,,$81.99 or lower,finalized,2022-10-20 02:21:30,2022-10-20
788,87,83,130,1666232804,0.0,17,13,16,,WTI-22OCT20-B85.5,between,85.99,85.0,,$85 to 85.99,finalized,2022-10-20 02:26:44,2022-10-20
789,88,83,130,1666232933,0.0,17,12,16,,WTI-22OCT20-B85.5,between,85.99,85.0,,$85 to 85.99,finalized,2022-10-20 02:28:53,2022-10-20
790,100,95,5,1666232934,0.0,5,0,7,,WTI-22OCT20-B89.5,between,89.99,89.0,,$89 to 89.99,finalized,2022-10-20 02:28:54,2022-10-20
791,99,95,5,1666233087,0.0,5,1,7,,WTI-22OCT20-B89.5,between,89.99,89.0,,$89 to 89.99,finalized,2022-10-20 02:31:27,2022-10-20
792,87,83,130,1666233091,0.0,17,13,16,,WTI-22OCT20-B85.5,between,85.99,85.0,,$85 to 85.99,finalized,2022-10-20 02:31:31,2022-10-20
793,96,93,0,1666233174,0.0,7,4,0,,WTI-22OCT20-B88.5,between,88.99,88.0,,$88 to 88.99,finalized,2022-10-20 02:32:54,2022-10-20
794,96,92,0,1666233175,0.0,8,4,0,,WTI-22OCT20-B88.5,between,88.99,88.0,,$88 to 88.99,finalized,2022-10-20 02:32:55,2022-10-20
795,88,82,83,1666233175,0.0,18,12,15,,WTI-22OCT20-T82,less,81.99,,,$81.99 or lower,finalized,2022-10-20 02:32:55,2022-10-20
796,88,80,83,1666233175,83.0,20,12,15,,WTI-22OCT20-T82,less,81.99,,,$81.99 or lower,finalized,2022-10-20 02:32:55,2022-10-20
797,96,93,0,1666233224,0.0,7,4,0,,WTI-22OCT20-B88.5,between,88.99,88.0,,$88 to 88.99,finalized,2022-10-20 02:33:44,2022-10-20
798,88,82,83,1666233224,0.0,18,12,15,,WTI-22OCT20-T82,less,81.99,,,$81.99 or lower,finalized,2022-10-20 02:33:44,2022-10-20
799,87,82,83,1666233224,0.0,18,13,15,,WTI-22OCT20-T82,less,81.99,,,$81.99 or lower,finalized,2022-10-20 02:33:44,2022-10-20
800,95,91,5,1666233280,0.0,9,5,15,,WTI-22OCT20-B87.5,between,87.99,87.0,,$87 to 87.99,finalized,2022-10-20 02:34:40,2022-10-20
801,100,95,5,1666233281,0.0,5,0,7,,WTI-22OCT20-B89.5,between,89.99,89.0,,$89 to 89.99,finalized,2022-10-20 02:34:41,2022-10-20
802,94,91,5,1666233283,0.0,9,6,15,,WTI-22OCT20-B87.5,between,87.99,87.0,,$87 to 87.99,finalized,2022-10-20 02:34:43,2022-10-20
803,99,95,5,1666233283,0.0,5,1,7,,WTI-22OCT20-B89.5,between,89.99,89.0,,$89 to 89.99,finalized,2022-10-20 02:34:43,2022-10-20
804,94,90,5,1666233526,0.0,10,6,15,,WTI-22OCT20-B87.5,between,87.99,87.0,,$87 to 87.99,finalized,2022-10-20 02:38:46,2022-10-20
805,96,91,0,1666233588,0.0,9,4,0,,WTI-22OCT20-T89.99,greater,,90.0,,$90 or higher,finalized,2022-10-20 02:39:48,2022-10-20
806,99,94,5,1666233590,0.0,6,1,7,,WTI-22OCT20-B89.5,between,89.99,89.0,,$89 to 89.99,finalized,2022-10-20 02:39:50,2022-10-20
807,94,91,5,1666233592,0.0,9,6,15,,WTI-22OCT20-B87.5,between,87.99,87.0,,$87 to 87.99,finalized,2022-10-20 02:39:52,2022-10-20
808,96,92,0,1666233592,0.0,8,4,0,,WTI-22OCT20-T89.99,greater,,90.0,,$90 or higher,finalized,2022-10-20 02:39:52,2022-10-20
809,99,95,5,1666233593,0.0,5,1,7,,WTI-22OCT20-B89.5,between,89.99,89.0,,$89 to 89.99,finalized,2022-10-20 02:39:53,2022-10-20
810,96,94,0,1666233681,0.0,6,4,0,,WTI-22OCT20-B88.5,between,88.99,88.0,,$88 to 88.99,finalized,2022-10-20 02:41:21,2022-10-20
811,86,82,83,1666233681,0.0,18,14,15,,WTI-22OCT20-T82,less,81.99,,,$81.99 or lower,finalized,2022-10-20 02:41:21,2022-10-20
812,87,82,83,1666233770,0.0,18,13,15,,WTI-22OCT20-T82,less,81.99,,,$81.99 or lower,finalized,2022-10-20 02:42:50,2022-10-20
813,96,93,0,1666233772,0.0,7,4,0,,WTI-22OCT20-B88.5,between,88.99,88.0,,$88 to 88.99,finalized,2022-10-20 02:42:52,2022-10-20
814,95,91,5,1666233833,0.0,9,5,15,,WTI-22OCT20-B87.5,between,87.99,87.0,,$87 to 87.99,finalized,2022-10-20 02:43:53,2022-10-20
815,89,0,147,1666233891,0.0,100,11,15,,WTI-22OCT20-B83.5,between,83.99,83.0,,$83 to 83.99,finalized,2022-10-20 02:44:51,2022-10-20
816,88,83,130,1666233891,0.0,17,12,16,,WTI-22OCT20-B85.5,between,85.99,85.0,,$85 to 85.99,finalized,2022-10-20 02:44:51,2022-10-20
817,94,91,5,1666234010,0.0,9,6,15,,WTI-22OCT20-B87.5,between,87.99,87.0,,$87 to 87.99,finalized,2022-10-20 02:46:50,2022-10-20
818,89,83,147,1666234012,0.0,17,11,15,,WTI-22OCT20-B83.5,between,83.99,83.0,,$83 to 83.99,finalized,2022-10-20 02:46:52,2022-10-20
819,89,85,147,1666234012,0.0,15,11,15,,WTI-22OCT20-B83.5,between,83.99,83.0,,$83 to 83.99,finalized,2022-10-20 02:46:52,2022-10-20
820,87,83,130,1666234012,0.0,17,13,16,,WTI-22OCT20-B85.5,between,85.99,85.0,,$85 to 85.99,finalized,2022-10-20 02:46:52,2022-10-20
821,96,94,0,1666234012,0.0,6,4,0,,WTI-22OCT20-B88.5,between,88.99,88.0,,$88 to 88.99,finalized,2022-10-20 02:46:52,2022-10-20
822,87,80,83,1666234184,0.0,20,13,15,,WTI-22OCT20-T82,less,81.99,,,$81.99 or lower,finalized,2022-10-20 02:49:44,2022-10-20
823,87,82,83,1666234185,0.0,18,13,15,,WTI-22OCT20-T82,less,81.99,,,$81.99 or lower,finalized,2022-10-20 02:49:45,2022-10-20
824,93,88,0,1666234281,0.0,12,7,0,,WTI-22OCT20-B82.5,between,82.99,82.0,,$82 to 82.99,finalized,2022-10-20 02:51:21,2022-10-20
825,100,95,5,1666234281,0.0,5,0,7,,WTI-22OCT20-B89.5,between,89.99,89.0,,$89 to 89.99,finalized,2022-10-20 02:51:21,2022-10-20
826,100,94,5,1666234281,0.0,6,0,7,,WTI-22OCT20-B89.5,between,89.99,89.0,,$89 to 89.99,finalized,2022-10-20 02:51:21,2022-10-20
827,88,82,83,1666234281,0.0,18,12,15,,WTI-22OCT20-T82,less,81.99,,,$81.99 or lower,finalized,2022-10-20 02:51:21,2022-10-20
828,96,93,0,1666234283,0.0,7,4,0,,WTI-22OCT20-T89.99,greater,,90.0,,$90 or higher,finalized,2022-10-20 02:51:23,2022-10-20
829,99,94,5,1666234285,0.0,6,1,7,,WTI-22OCT20-B89.5,between,89.99,89.0,,$89 to 89.99,finalized,2022-10-20 02:51:25,2022-10-20
830,99,95,5,1666234285,0.0,5,1,7,,WTI-22OCT20-B89.5,between,89.99,89.0,,$89 to 89.99,finalized,2022-10-20 02:51:25,2022-10-20
831,93,89,0,1666234287,0.0,11,7,0,,WTI-22OCT20-B82.5,between,82.99,82.0,,$82 to 82.99,finalized,2022-10-20 02:51:27,2022-10-20
832,87,82,83,1666234288,0.0,18,13,15,,WTI-22OCT20-T82,less,81.99,,,$81.99 or lower,finalized,2022-10-20 02:51:28,2022-10-20
833,96,92,0,1666234424,0.0,8,4,0,,WTI-22OCT20-T89.99,greater,,90.0,,$90 or higher,finalized,2022-10-20 02:53:44,2022-10-20
834,95,91,5,1666234425,0.0,9,5,15,,WTI-22OCT20-B87.5,between,87.99,87.0,,$87 to 87.99,finalized,2022-10-20 02:53:45,2022-10-20
835,96,91,0,1666234425,0.0,9,4,0,,WTI-22OCT20-T89.99,greater,,90.0,,$90 or higher,finalized,2022-10-20 02:53:45,2022-10-20
836,96,92,0,1666234426,0.0,8,4,0,,WTI-22OCT20-T89.99,greater,,90.0,,$90 or higher,finalized,2022-10-20 02:53:46,2022-10-20
837,94,91,5,1666234427,0.0,9,6,15,,WTI-22OCT20-B87.5,between,87.99,87.0,,$87 to 87.99,finalized,2022-10-20 02:53:47,2022-10-20
838,94,89,5,1666234574,0.0,11,6,15,,WTI-22OCT20-B87.5,between,87.99,87.0,,$87 to 87.99,finalized,2022-10-20 02:56:14,2022-10-20
839,96,93,0,1666234574,0.0,7,4,0,,WTI-22OCT20-B88.5,between,88.99,88.0,,$88 to 88.99,finalized,2022-10-20 02:56:14,2022-10-20
840,100,95,5,1666234574,0.0,5,0,7,,WTI-22OCT20-B89.5,between,89.99,89.0,,$89 to 89.99,finalized,2022-10-20 02:56:14,2022-10-20
841,87,0,83,1666234575,0.0,100,13,15,,WTI-22OCT20-T82,less,81.99,,,$81.99 or lower,finalized,2022-10-20 02:56:15,2022-10-20
842,94,90,5,1666234576,0.0,10,6,15,,WTI-22OCT20-B87.5,between,87.99,87.0,,$87 to 87.99,finalized,2022-10-20 02:56:16,2022-10-20
843,99,95,5,1666234576,0.0,5,1,7,,WTI-22OCT20-B89.5,between,89.99,89.0,,$89 to 89.99,finalized,2022-10-20 02:56:16,2022-10-20
844,87,81,83,1666234576,0.0,19,13,15,,WTI-22OCT20-T82,less,81.99,,,$81.99 or lower,finalized,2022-10-20 02:56:16,2022-10-20
845,87,83,83,1666234576,0.0,17,13,15,,WTI-22OCT20-T82,less,81.99,,,$81.99 or lower,finalized,2022-10-20 02:56:16,2022-10-20
846,94,91,5,1666234726,5.0,9,6,15,,WTI-22OCT20-B87.5,between,87.99,87.0,,$87 to 87.99,finalized,2022-10-20 02:58:46,2022-10-20
847,94,90,5,1666234787,0.0,10,6,15,,WTI-22OCT20-B87.5,between,87.99,87.0,,$87 to 87.99,finalized,2022-10-20 02:59:47,2022-10-20
848,94,91,5,1666234968,0.0,9,6,15,,WTI-22OCT20-B87.5,between,87.99,87.0,,$87 to 87.99,finalized,2022-10-20 03:02:48,2022-10-20
849,96,94,0,1666234968,0.0,6,4,0,,WTI-22OCT20-B88.5,between,88.99,88.0,,$88 to 88.99,finalized,2022-10-20 03:02:48,2022-10-20
850,96,93,0,1666234968,0.0,7,4,0,,WTI-22OCT20-T89.99,greater,,90.0,,$90 or higher,finalized,2022-10-20 03:02:48,2022-10-20
851,94,89,0,1666235089,0.0,11,6,0,,WTI-22OCT20-B82.5,between,82.99,82.0,,$82 to 82.99,finalized,2022-10-20 03:04:49,2022-10-20
852,85,80,249,1666235089,0.0,20,15,18,,WTI-22OCT20-B84.5,between,84.99,84.0,,$84 to 84.99,finalized,2022-10-20 03:04:49,2022-10-20
853,85,78,249,1666235089,0.0,22,15,18,,WTI-22OCT20-B84.5,between,84.99,84.0,,$84 to 84.99,finalized,2022-10-20 03:04:49,2022-10-20
854,85,0,249,1666235089,0.0,100,15,18,,WTI-22OCT20-B84.5,between,84.99,84.0,,$84 to 84.99,finalized,2022-10-20 03:04:49,2022-10-20
855,87,79,83,1666235089,0.0,21,13,15,,WTI-22OCT20-T82,less,81.99,,,$81.99 or lower,finalized,2022-10-20 03:04:49,2022-10-20
856,87,0,83,1666235090,0.0,100,13,15,,WTI-22OCT20-T82,less,81.99,,,$81.99 or lower,finalized,2022-10-20 03:04:50,2022-10-20
857,93,89,0,1666235091,0.0,11,7,0,,WTI-22OCT20-B82.5,between,82.99,82.0,,$82 to 82.99,finalized,2022-10-20 03:04:51,2022-10-20
858,85,79,249,1666235091,0.0,21,15,18,,WTI-22OCT20-B84.5,between,84.99,84.0,,$84 to 84.99,finalized,2022-10-20 03:04:51,2022-10-20
859,85,81,249,1666235091,0.0,19,15,18,,WTI-22OCT20-B84.5,between,84.99,84.0,,$84 to 84.99,finalized,2022-10-20 03:04:51,2022-10-20
860,87,82,83,1666235091,0.0,18,13,15,,WTI-22OCT20-T82,less,81.99,,,$81.99 or lower,finalized,2022-10-20 03:04:51,2022-10-20
861,89,83,147,1666235271,0.0,17,11,15,,WTI-22OCT20-B83.5,between,83.99,83.0,,$83 to 83.99,finalized,2022-10-20 03:07:51,2022-10-20
862,90,83,147,1666235271,0.0,17,10,15,,WTI-22OCT20-B83.5,between,83.99,83.0,,$83 to 83.99,finalized,2022-10-20 03:07:51,2022-10-20
863,90,0,147,1666235271,0.0,100,10,15,,WTI-22OCT20-B83.5,between,83.99,83.0,,$83 to 83.99,finalized,2022-10-20 03:07:51,2022-10-20
864,95,91,5,1666235271,0.0,9,5,15,,WTI-22OCT20-B87.5,between,87.99,87.0,,$87 to 87.99,finalized,2022-10-20 03:07:51,2022-10-20
865,96,91,5,1666235271,0.0,9,4,15,,WTI-22OCT20-B87.5,between,87.99,87.0,,$87 to 87.99,finalized,2022-10-20 03:07:51,2022-10-20
866,88,82,83,1666235271,0.0,18,12,15,,WTI-22OCT20-T82,less,81.99,,,$81.99 or lower,finalized,2022-10-20 03:07:51,2022-10-20
867,90,84,147,1666235272,0.0,16,10,15,,WTI-22OCT20-B83.5,between,83.99,83.0,,$83 to 83.99,finalized,2022-10-20 03:07:52,2022-10-20
868,89,84,147,1666235272,0.0,16,11,15,,WTI-22OCT20-B83.5,between,83.99,83.0,,$83 to 83.99,finalized,2022-10-20 03:07:52,2022-10-20
869,95,91,5,1666235272,0.0,9,5,15,,WTI-22OCT20-B87.5,between,87.99,87.0,,$87 to 87.99,finalized,2022-10-20 03:07:52,2022-10-20
870,99,96,5,1666235272,0.0,4,1,7,,WTI-22OCT20-B89.5,between,89.99,89.0,,$89 to 89.99,finalized,2022-10-20 03:07:52,2022-10-20
871,87,82,83,1666235273,0.0,18,13,15,,WTI-22OCT20-T82,less,81.99,,,$81.99 or lower,finalized,2022-10-20 03:07:53,2022-10-20
872,89,82,147,1666235388,0.0,18,11,15,,WTI-22OCT20-B83.5,between,83.99,83.0,,$83 to 83.99,finalized,2022-10-20 03:09:48,2022-10-20
873,89,0,147,1666235388,0.0,100,11,15,,WTI-22OCT20-B83.5,between,83.99,83.0,,$83 to 83.99,finalized,2022-10-20 03:09:48,2022-10-20
874,99,95,5,1666235388,0.0,5,1,7,,WTI-22OCT20-B89.5,between,89.99,89.0,,$89 to 89.99,finalized,2022-10-20 03:09:48,2022-10-20
875,87,80,83,1666235388,0.0,20,13,15,,WTI-22OCT20-T82,less,81.99,,,$81.99 or lower,finalized,2022-10-20 03:09:48,2022-10-20
876,87,0,83,1666235388,0.0,100,13,15,,WTI-22OCT20-T82,less,81.99,,,$81.99 or lower,finalized,2022-10-20 03:09:48,2022-10-20
877,89,85,147,1666235390,0.0,15,11,15,,WTI-22OCT20-B83.5,between,83.99,83.0,,$83 to 83.99,finalized,2022-10-20 03:09:50,2022-10-20
878,94,91,5,1666235390,0.0,9,6,15,,WTI-22OCT20-B87.5,between,87.99,87.0,,$87 to 87.99,finalized,2022-10-20 03:09:50,2022-10-20
879,87,81,83,1666235390,0.0,19,13,15,,WTI-22OCT20-T82,less,81.99,,,$81.99 or lower,finalized,2022-10-20 03:09:50,2022-10-20
880,87,83,83,1666235390,0.0,17,13,15,,WTI-22OCT20-T82,less,81.99,,,$81.99 or lower,finalized,2022-10-20 03:09:50,2022-10-20
881,87,81,83,1666235460,0.0,19,13,15,,WTI-22OCT20-T82,less,81.99,,,$81.99 or lower,finalized,2022-10-20 03:11:00,2022-10-20
882,87,79,83,1666235460,0.0,21,13,15,,WTI-22OCT20-T82,less,81.99,,,$81.99 or lower,finalized,2022-10-20 03:11:00,2022-10-20
883,87,0,83,1666235460,0.0,100,13,15,,WTI-22OCT20-T82,less,81.99,,,$81.99 or lower,finalized,2022-10-20 03:11:00,2022-10-20
884,87,78,83,1666235462,0.0,22,13,15,,WTI-22OCT20-T82,less,81.99,,,$81.99 or lower,finalized,2022-10-20 03:11:02,2022-10-20
885,87,82,83,1666235462,0.0,18,13,15,,WTI-22OCT20-T82,less,81.99,,,$81.99 or lower,finalized,2022-10-20 03:11:02,2022-10-20
886,89,81,147,1666235506,0.0,19,11,15,,WTI-22OCT20-B83.5,between,83.99,83.0,,$83 to 83.99,finalized,2022-10-20 03:11:46,2022-10-20
887,89,0,147,1666235506,0.0,100,11,15,,WTI-22OCT20-B83.5,between,83.99,83.0,,$83 to 83.99,finalized,2022-10-20 03:11:46,2022-10-20
888,95,91,5,1666235506,0.0,9,5,15,,WTI-22OCT20-B87.5,between,87.99,87.0,,$87 to 87.99,finalized,2022-10-20 03:11:46,2022-10-20
889,95,90,5,1666235506,0.0,10,5,15,,WTI-22OCT20-B87.5,between,87.99,87.0,,$87 to 87.99,finalized,2022-10-20 03:11:46,2022-10-20
890,96,93,0,1666235506,0.0,7,4,0,,WTI-22OCT20-B88.5,between,88.99,88.0,,$88 to 88.99,finalized,2022-10-20 03:11:46,2022-10-20
891,89,82,147,1666235508,0.0,18,11,15,,WTI-22OCT20-B83.5,between,83.99,83.0,,$83 to 83.99,finalized,2022-10-20 03:11:48,2022-10-20
892,89,84,147,1666235508,0.0,16,11,15,,WTI-22OCT20-B83.5,between,83.99,83.0,,$83 to 83.99,finalized,2022-10-20 03:11:48,2022-10-20
893,95,91,5,1666235508,0.0,9,5,15,,WTI-22OCT20-B87.5,between,87.99,87.0,,$87 to 87.99,finalized,2022-10-20 03:11:48,2022-10-20
894,96,94,0,1666235508,0.0,6,4,0,,WTI-22OCT20-B88.5,between,88.99,88.0,,$88 to 88.99,finalized,2022-10-20 03:11:48,2022-10-20
895,99,96,5,1666235508,0.0,4,1,7,,WTI-22OCT20-B89.5,between,89.99,89.0,,$89 to 89.99,finalized,2022-10-20 03:11:48,2022-10-20
896,89,86,0,1666235564,0.0,14,11,0,,WTI-22OCT20-B86.5,between,86.99,86.0,,$86 to 86.99,finalized,2022-10-20 03:12:44,2022-10-20
897,89,87,0,1666235565,0.0,13,11,0,,WTI-22OCT20-B86.5,between,86.99,86.0,,$86 to 86.99,finalized,2022-10-20 03:12:45,2022-10-20
898,86,82,83,1666235565,0.0,18,14,15,,WTI-22OCT20-T82,less,81.99,,,$81.99 or lower,finalized,2022-10-20 03:12:45,2022-10-20
899,89,82,147,1666235627,0.0,18,11,15,,WTI-22OCT20-B83.5,between,83.99,83.0,,$83 to 83.99,finalized,2022-10-20 03:13:47,2022-10-20
900,89,83,147,1666235627,0.0,17,11,15,,WTI-22OCT20-B83.5,between,83.99,83.0,,$83 to 83.99,finalized,2022-10-20 03:13:47,2022-10-20
901,89,85,147,1666235627,0.0,15,11,15,,WTI-22OCT20-B83.5,between,83.99,83.0,,$83 to 83.99,finalized,2022-10-20 03:13:47,2022-10-20
902,94,91,5,1666235627,0.0,9,6,15,,WTI-22OCT20-B87.5,between,87.99,87.0,,$87 to 87.99,finalized,2022-10-20 03:13:47,2022-10-20
903,99,95,5,1666235627,0.0,5,1,7,,WTI-22OCT20-B89.5,between,89.99,89.0,,$89 to 89.99,finalized,2022-10-20 03:13:47,2022-10-20
904,87,82,83,1666235627,0.0,18,13,15,,WTI-22OCT20-T82,less,81.99,,,$81.99 or lower,finalized,2022-10-20 03:13:47,2022-10-20
905,88,83,130,1666235986,0.0,17,12,16,,WTI-22OCT20-B85.5,between,85.99,85.0,,$85 to 85.99,finalized,2022-10-20 03:19:46,2022-10-20
906,99,94,5,1666235986,0.0,6,1,7,,WTI-22OCT20-B89.5,between,89.99,89.0,,$89 to 89.99,finalized,2022-10-20 03:19:46,2022-10-20
907,87,83,130,1666235988,0.0,17,13,16,,WTI-22OCT20-B85.5,between,85.99,85.0,,$85 to 85.99,finalized,2022-10-20 03:19:48,2022-10-20
908,87,78,83,1666235988,0.0,22,13,15,,WTI-22OCT20-T82,less,81.99,,,$81.99 or lower,finalized,2022-10-20 03:19:48,2022-10-20
909,87,0,83,1666235988,0.0,100,13,15,,WTI-22OCT20-T82,less,81.99,,,$81.99 or lower,finalized,2022-10-20 03:19:48,2022-10-20
910,99,95,5,1666235992,0.0,5,1,7,,WTI-22OCT20-B89.5,between,89.99,89.0,,$89 to 89.99,finalized,2022-10-20 03:19:52,2022-10-20
911,87,81,83,1666235992,0.0,19,13,15,,WTI-22OCT20-T82,less,81.99,,,$81.99 or lower,finalized,2022-10-20 03:19:52,2022-10-20
912,87,83,83,1666235992,0.0,17,13,15,,WTI-22OCT20-T82,less,81.99,,,$81.99 or lower,finalized,2022-10-20 03:19:52,2022-10-20
913,100,95,5,1666236089,0.0,5,0,7,,WTI-22OCT20-B89.5,between,89.99,89.0,,$89 to 89.99,finalized,2022-10-20 03:21:29,2022-10-20
914,96,92,0,1666236089,0.0,8,4,0,,WTI-22OCT20-T89.99,greater,,90.0,,$90 or higher,finalized,2022-10-20 03:21:29,2022-10-20
915,96,89,0,1666236091,0.0,11,4,0,,WTI-22OCT20-B82.5,between,82.99,82.0,,$82 to 82.99,finalized,2022-10-20 03:21:31,2022-10-20
916,96,88,0,1666236091,0.0,12,4,0,,WTI-22OCT20-B82.5,between,82.99,82.0,,$82 to 82.99,finalized,2022-10-20 03:21:31,2022-10-20
917,99,95,5,1666236093,0.0,5,1,7,,WTI-22OCT20-B89.5,between,89.99,89.0,,$89 to 89.99,finalized,2022-10-20 03:21:33,2022-10-20
918,99,96,5,1666236093,0.0,4,1,7,,WTI-22OCT20-B89.5,between,89.99,89.0,,$89 to 89.99,finalized,2022-10-20 03:21:33,2022-10-20
919,96,93,0,1666236093,0.0,7,4,0,,WTI-22OCT20-T89.99,greater,,90.0,,$90 or higher,finalized,2022-10-20 03:21:33,2022-10-20
920,94,88,0,1666236095,0.0,12,6,0,,WTI-22OCT20-B82.5,between,82.99,82.0,,$82 to 82.99,finalized,2022-10-20 03:21:35,2022-10-20
921,93,88,0,1666236095,0.0,12,7,0,,WTI-22OCT20-B82.5,between,82.99,82.0,,$82 to 82.99,finalized,2022-10-20 03:21:35,2022-10-20
922,93,89,0,1666236095,0.0,11,7,0,,WTI-22OCT20-B82.5,between,82.99,82.0,,$82 to 82.99,finalized,2022-10-20 03:21:35,2022-10-20
923,99,95,5,1666236172,0.0,5,1,7,,WTI-22OCT20-B89.5,between,89.99,89.0,,$89 to 89.99,finalized,2022-10-20 03:22:52,2022-10-20
924,99,96,5,1666236372,0.0,4,1,7,,WTI-22OCT20-B89.5,between,89.99,89.0,,$89 to 89.99,finalized,2022-10-20 03:26:12,2022-10-20
925,99,95,5,1666236465,0.0,5,1,7,,WTI-22OCT20-B89.5,between,89.99,89.0,,$89 to 89.99,finalized,2022-10-20 03:27:45,2022-10-20
926,99,96,5,1666236825,0.0,4,1,7,,WTI-22OCT20-B89.5,between,89.99,89.0,,$89 to 89.99,finalized,2022-10-20 03:33:45,2022-10-20
927,89,83,147,1666236884,0.0,17,11,15,,WTI-22OCT20-B83.5,between,83.99,83.0,,$83 to 83.99,finalized,2022-10-20 03:34:44,2022-10-20
928,89,81,147,1666236884,0.0,19,11,15,,WTI-22OCT20-B83.5,between,83.99,83.0,,$83 to 83.99,finalized,2022-10-20 03:34:44,2022-10-20
929,89,0,147,1666236885,0.0,100,11,15,,WTI-22OCT20-B83.5,between,83.99,83.0,,$83 to 83.99,finalized,2022-10-20 03:34:45,2022-10-20
930,89,82,147,1666236885,0.0,18,11,15,,WTI-22OCT20-B83.5,between,83.99,83.0,,$83 to 83.99,finalized,2022-10-20 03:34:45,2022-10-20
931,89,84,147,1666236886,147.0,16,11,15,,WTI-22OCT20-B83.5,between,83.99,83.0,,$83 to 83.99,finalized,2022-10-20 03:34:46,2022-10-20
932,94,89,0,1666237004,0.0,11,6,0,,WTI-22OCT20-B82.5,between,82.99,82.0,,$82 to 82.99,finalized,2022-10-20 03:36:44,2022-10-20
933,90,84,147,1666237004,0.0,16,10,15,,WTI-22OCT20-B83.5,between,83.99,83.0,,$83 to 83.99,finalized,2022-10-20 03:36:44,2022-10-20
934,95,91,5,1666237004,0.0,9,5,15,,WTI-22OCT20-B87.5,between,87.99,87.0,,$87 to 87.99,finalized,2022-10-20 03:36:44,2022-10-20
935,95,90,5,1666237004,0.0,10,5,15,,WTI-22OCT20-B87.5,between,87.99,87.0,,$87 to 87.99,finalized,2022-10-20 03:36:44,2022-10-20
936,96,93,0,1666237004,0.0,7,4,0,,WTI-22OCT20-B88.5,between,88.99,88.0,,$88 to 88.99,finalized,2022-10-20 03:36:44,2022-10-20
937,87,81,83,1666237004,0.0,19,13,15,,WTI-22OCT20-T82,less,81.99,,,$81.99 or lower,finalized,2022-10-20 03:36:44,2022-10-20
938,87,79,83,1666237004,0.0,21,13,15,,WTI-22OCT20-T82,less,81.99,,,$81.99 or lower,finalized,2022-10-20 03:36:44,2022-10-20
939,87,0,83,1666237004,0.0,100,13,15,,WTI-22OCT20-T82,less,81.99,,,$81.99 or lower,finalized,2022-10-20 03:36:44,2022-10-20
940,96,92,0,1666237005,0.0,8,4,0,,WTI-22OCT20-T89.99,greater,,90.0,,$90 or higher,finalized,2022-10-20 03:36:45,2022-10-20
941,93,89,0,1666237006,0.0,11,7,0,,WTI-22OCT20-B82.5,between,82.99,82.0,,$82 to 82.99,finalized,2022-10-20 03:36:46,2022-10-20
942,89,84,147,1666237006,0.0,16,11,15,,WTI-22OCT20-B83.5,between,83.99,83.0,,$83 to 83.99,finalized,2022-10-20 03:36:46,2022-10-20
943,95,91,5,1666237006,0.0,9,5,15,,WTI-22OCT20-B87.5,between,87.99,87.0,,$87 to 87.99,finalized,2022-10-20 03:36:46,2022-10-20
944,96,94,0,1666237006,0.0,6,4,0,,WTI-22OCT20-B88.5,between,88.99,88.0,,$88 to 88.99,finalized,2022-10-20 03:36:46,2022-10-20
945,87,78,83,1666237006,0.0,22,13,15,,WTI-22OCT20-T82,less,81.99,,,$81.99 or lower,finalized,2022-10-20 03:36:46,2022-10-20
946,87,80,83,1666237006,0.0,20,13,15,,WTI-22OCT20-T82,less,81.99,,,$81.99 or lower,finalized,2022-10-20 03:36:46,2022-10-20
947,87,82,83,1666237006,0.0,18,13,15,,WTI-22OCT20-T82,less,81.99,,,$81.99 or lower,finalized,2022-10-20 03:36:46,2022-10-20
948,96,93,0,1666237006,0.0,7,4,0,,WTI-22OCT20-T89.99,greater,,90.0,,$90 or higher,finalized,2022-10-20 03:36:46,2022-10-20
949,87,0,83,1666237068,0.0,100,13,15,,WTI-22OCT20-T82,less,81.99,,,$81.99 or lower,finalized,2022-10-20 03:37:48,2022-10-20
950,87,82,83,1666237134,0.0,18,13,15,,WTI-22OCT20-T82,less,81.99,,,$81.99 or lower,finalized,2022-10-20 03:38:54,2022-10-20
951,88,84,147,1666237288,0.0,16,12,15,,WTI-22OCT20-B83.5,between,83.99,83.0,,$83 to 83.99,finalized,2022-10-20 03:41:28,2022-10-20
952,96,91,5,1666237372,0.0,9,4,15,,WTI-22OCT20-B87.5,between,87.99,87.0,,$87 to 87.99,finalized,2022-10-20 03:42:52,2022-10-20
953,96,90,5,1666237372,0.0,10,4,15,,WTI-22OCT20-B87.5,between,87.99,87.0,,$87 to 87.99,finalized,2022-10-20 03:42:52,2022-10-20
954,94,89,0,1666237373,0.0,11,6,0,,WTI-22OCT20-B82.5,between,82.99,82.0,,$82 to 82.99,finalized,2022-10-20 03:42:53,2022-10-20
955,96,92,0,1666237373,0.0,8,4,0,,WTI-22OCT20-T89.99,greater,,90.0,,$90 or higher,finalized,2022-10-20 03:42:53,2022-10-20
956,88,82,83,1666237374,0.0,18,12,15,,WTI-22OCT20-T82,less,81.99,,,$81.99 or lower,finalized,2022-10-20 03:42:54,2022-10-20
957,89,84,147,1666237434,0.0,16,11,15,,WTI-22OCT20-B83.5,between,83.99,83.0,,$83 to 83.99,finalized,2022-10-20 03:43:54,2022-10-20
958,88,0,83,1666237434,0.0,100,12,15,,WTI-22OCT20-T82,less,81.99,,,$81.99 or lower,finalized,2022-10-20 03:43:54,2022-10-20
959,95,90,5,1666237673,0.0,10,5,15,,WTI-22OCT20-B87.5,between,87.99,87.0,,$87 to 87.99,finalized,2022-10-20 03:47:53,2022-10-20
960,95,91,5,1666237673,0.0,9,5,15,,WTI-22OCT20-B87.5,between,87.99,87.0,,$87 to 87.99,finalized,2022-10-20 03:47:53,2022-10-20
961,94,91,5,1666237673,0.0,9,6,15,,WTI-22OCT20-B87.5,between,87.99,87.0,,$87 to 87.99,finalized,2022-10-20 03:47:53,2022-10-20
962,88,79,83,1666237673,0.0,21,12,15,,WTI-22OCT20-T82,less,81.99,,,$81.99 or lower,finalized,2022-10-20 03:47:53,2022-10-20
963,88,83,83,1666237673,0.0,17,12,15,,WTI-22OCT20-T82,less,81.99,,,$81.99 or lower,finalized,2022-10-20 03:47:53,2022-10-20
964,87,83,83,1666237673,0.0,17,13,15,,WTI-22OCT20-T82,less,81.99,,,$81.99 or lower,finalized,2022-10-20 03:47:53,2022-10-20
965,96,93,0,1666237673,0.0,7,4,0,,WTI-22OCT20-T89.99,greater,,90.0,,$90 or higher,finalized,2022-10-20 03:47:53,2022-10-20
966,95,91,5,1666237733,0.0,9,5,15,,WTI-22OCT20-B87.5,between,87.99,87.0,,$87 to 87.99,finalized,2022-10-20 03:48:53,2022-10-20
967,100,96,5,1666237733,0.0,4,0,7,,WTI-22OCT20-B89.5,between,89.99,89.0,,$89 to 89.99,finalized,2022-10-20 03:48:53,2022-10-20
968,99,96,5,1666237785,0.0,4,1,7,,WTI-22OCT20-B89.5,between,89.99,89.0,,$89 to 89.99,finalized,2022-10-20 03:49:45,2022-10-20
969,93,89,0,1666237788,0.0,11,7,0,,WTI-22OCT20-B82.5,between,82.99,82.0,,$82 to 82.99,finalized,2022-10-20 03:49:48,2022-10-20
970,94,91,5,1666237882,0.0,9,6,15,,WTI-22OCT20-B87.5,between,87.99,87.0,,$87 to 87.99,finalized,2022-10-20 03:51:22,2022-10-20
971,95,91,5,1666237971,0.0,9,5,15,,WTI-22OCT20-B87.5,between,87.99,87.0,,$87 to 87.99,finalized,2022-10-20 03:52:51,2022-10-20
972,96,91,5,1666237971,0.0,9,4,15,,WTI-22OCT20-B87.5,between,87.99,87.0,,$87 to 87.99,finalized,2022-10-20 03:52:51,2022-10-20
973,96,93,0,1666237972,0.0,7,4,0,,WTI-22OCT20-B88.5,between,88.99,88.0,,$88 to 88.99,finalized,2022-10-20 03:52:52,2022-10-20
974,88,84,147,1666237973,0.0,16,12,15,,WTI-22OCT20-B83.5,between,83.99,83.0,,$83 to 83.99,finalized,2022-10-20 03:52:53,2022-10-20
975,95,91,5,1666237973,0.0,9,5,15,,WTI-22OCT20-B87.5,between,87.99,87.0,,$87 to 87.99,finalized,2022-10-20 03:52:53,2022-10-20
976,96,94,0,1666237973,0.0,6,4,0,,WTI-22OCT20-B88.5,between,88.99,88.0,,$88 to 88.99,finalized,2022-10-20 03:52:53,2022-10-20
977,90,84,147,1666238027,0.0,16,10,15,,WTI-22OCT20-B83.5,between,83.99,83.0,,$83 to 83.99,finalized,2022-10-20 03:53:47,2022-10-20
978,90,80,147,1666238028,0.0,20,10,15,,WTI-22OCT20-B83.5,between,83.99,83.0,,$83 to 83.99,finalized,2022-10-20 03:53:48,2022-10-20
979,90,0,147,1666238028,0.0,100,10,15,,WTI-22OCT20-B83.5,between,83.99,83.0,,$83 to 83.99,finalized,2022-10-20 03:53:48,2022-10-20
980,87,81,130,1666238028,0.0,19,13,16,,WTI-22OCT20-B85.5,between,85.99,85.0,,$85 to 85.99,finalized,2022-10-20 03:53:48,2022-10-20
981,87,0,130,1666238028,0.0,100,13,16,,WTI-22OCT20-B85.5,between,85.99,85.0,,$85 to 85.99,finalized,2022-10-20 03:53:48,2022-10-20
982,90,83,147,1666238031,0.0,17,10,15,,WTI-22OCT20-B83.5,between,83.99,83.0,,$83 to 83.99,finalized,2022-10-20 03:53:51,2022-10-20
983,90,85,147,1666238031,0.0,15,10,15,,WTI-22OCT20-B83.5,between,83.99,83.0,,$83 to 83.99,finalized,2022-10-20 03:53:51,2022-10-20
984,89,85,147,1666238031,0.0,15,11,15,,WTI-22OCT20-B83.5,between,83.99,83.0,,$83 to 83.99,finalized,2022-10-20 03:53:51,2022-10-20
985,87,82,130,1666238031,0.0,18,13,16,,WTI-22OCT20-B85.5,between,85.99,85.0,,$85 to 85.99,finalized,2022-10-20 03:53:51,2022-10-20
986,94,91,5,1666238031,0.0,9,6,15,,WTI-22OCT20-B87.5,between,87.99,87.0,,$87 to 87.99,finalized,2022-10-20 03:53:51,2022-10-20
987,89,0,147,1666238091,0.0,100,11,15,,WTI-22OCT20-B83.5,between,83.99,83.0,,$83 to 83.99,finalized,2022-10-20 03:54:51,2022-10-20
988,89,82,147,1666238093,0.0,18,11,15,,WTI-22OCT20-B83.5,between,83.99,83.0,,$83 to 83.99,finalized,2022-10-20 03:54:53,2022-10-20
989,89,84,147,1666238093,0.0,16,11,15,,WTI-22OCT20-B83.5,between,83.99,83.0,,$83 to 83.99,finalized,2022-10-20 03:54:53,2022-10-20
990,93,0,0,1666238327,0.0,100,7,0,,WTI-22OCT20-B82.5,between,82.99,82.0,,$82 to 82.99,finalized,2022-10-20 03:58:47,2022-10-20
991,89,82,147,1666238327,0.0,18,11,15,,WTI-22OCT20-B83.5,between,83.99,83.0,,$83 to 83.99,finalized,2022-10-20 03:58:47,2022-10-20
992,89,80,147,1666238327,0.0,20,11,15,,WTI-22OCT20-B83.5,between,83.99,83.0,,$83 to 83.99,finalized,2022-10-20 03:58:47,2022-10-20
993,89,0,147,1666238327,0.0,100,11,15,,WTI-22OCT20-B83.5,between,83.99,83.0,,$83 to 83.99,finalized,2022-10-20 03:58:47,2022-10-20
994,88,82,130,1666238327,0.0,18,12,16,,WTI-22OCT20-B85.5,between,85.99,85.0,,$85 to 85.99,finalized,2022-10-20 03:58:47,2022-10-20
995,88,83,83,1666238327,0.0,17,12,15,,WTI-22OCT20-T82,less,81.99,,,$81.99 or lower,finalized,2022-10-20 03:58:47,2022-10-20
996,89,83,83,1666238328,0.0,17,11,15,,WTI-22OCT20-T82,less,81.99,,,$81.99 or lower,finalized,2022-10-20 03:58:48,2022-10-20
997,89,81,83,1666238328,0.0,19,11,15,,WTI-22OCT20-T82,less,81.99,,,$81.99 or lower,finalized,2022-10-20 03:58:48,2022-10-20
998,87,82,130,1666238329,0.0,18,13,16,,WTI-22OCT20-B85.5,between,85.99,85.0,,$85 to 85.99,finalized,2022-10-20 03:58:49,2022-10-20
999,89,81,147,1666238331,0.0,19,11,15,,WTI-22OCT20-B83.5,between,83.99,83.0,,$83 to 83.99,finalized,2022-10-20 03:58:51,2022-10-20
1000,89,85,147,1666238331,0.0,15,11,15,,WTI-22OCT20-B83.5,between,83.99,83.0,,$83 to 83.99,finalized,2022-10-20 03:58:51,2022-10-20
1001,88,81,83,1666238333,0.0,19,12,15,,WTI-22OCT20-T82,less,81.99,,,$81.99 or lower,finalized,2022-10-20 03:58:53,2022-10-20
1002,88,83,83,1666238333,0.0,17,12,15,,WTI-22OCT20-T82,less,81.99,,,$81.99 or lower,finalized,2022-10-20 03:58:53,2022-10-20
1003,89,0,147,1666238571,0.0,100,11,15,,WTI-22OCT20-B83.5,between,83.99,83.0,,$83 to 83.99,finalized,2022-10-20 04:02:51,2022-10-20
1004,96,92,0,1666238868,0.0,8,4,0,,WTI-22OCT20-T89.99,greater,,90.0,,$90 or higher,finalized,2022-10-20 04:07:48,2022-10-20
1005,100,96,5,1666239074,0.0,4,0,7,,WTI-22OCT20-B89.5,between,89.99,89.0,,$89 to 89.99,finalized,2022-10-20 04:11:14,2022-10-20
1006,95,91,5,1666239404,0.0,9,5,15,,WTI-22OCT20-B87.5,between,87.99,87.0,,$87 to 87.99,finalized,2022-10-20 04:16:44,2022-10-20
1007,88,79,83,1666239464,0.0,21,12,15,,WTI-22OCT20-T82,less,81.99,,,$81.99 or lower,finalized,2022-10-20 04:17:44,2022-10-20
1008,88,0,83,1666239464,0.0,100,12,15,,WTI-22OCT20-T82,less,81.99,,,$81.99 or lower,finalized,2022-10-20 04:17:44,2022-10-20
1009,89,86,0,1666239524,0.0,14,11,0,,WTI-22OCT20-B86.5,between,86.99,86.0,,$86 to 86.99,finalized,2022-10-20 04:18:44,2022-10-20
1010,89,85,0,1666239524,0.0,15,11,0,,WTI-22OCT20-B86.5,between,86.99,86.0,,$86 to 86.99,finalized,2022-10-20 04:18:44,2022-10-20
1011,89,0,0,1666239524,0.0,100,11,0,,WTI-22OCT20-B86.5,between,86.99,86.0,,$86 to 86.99,finalized,2022-10-20 04:18:44,2022-10-20
1012,94,0,0,1666239714,0.0,100,6,0,,WTI-22OCT20-B82.5,between,82.99,82.0,,$82 to 82.99,finalized,2022-10-20 04:21:54,2022-10-20
1013,90,0,147,1666239714,0.0,100,10,15,,WTI-22OCT20-B83.5,between,83.99,83.0,,$83 to 83.99,finalized,2022-10-20 04:21:54,2022-10-20
1014,86,81,249,1666239714,0.0,19,14,18,,WTI-22OCT20-B84.5,between,84.99,84.0,,$84 to 84.99,finalized,2022-10-20 04:21:54,2022-10-20
1015,87,81,249,1666239714,0.0,19,13,18,,WTI-22OCT20-B84.5,between,84.99,84.0,,$84 to 84.99,finalized,2022-10-20 04:21:54,2022-10-20
1016,95,90,5,1666239714,0.0,10,5,15,,WTI-22OCT20-B87.5,between,87.99,87.0,,$87 to 87.99,finalized,2022-10-20 04:21:54,2022-10-20
1017,95,89,5,1666239714,0.0,11,5,15,,WTI-22OCT20-B87.5,between,87.99,87.0,,$87 to 87.99,finalized,2022-10-20 04:21:54,2022-10-20
1018,96,93,0,1666239714,0.0,7,4,0,,WTI-22OCT20-B88.5,between,88.99,88.0,,$88 to 88.99,finalized,2022-10-20 04:21:54,2022-10-20
1019,96,0,83,1666239714,0.0,100,4,15,,WTI-22OCT20-T82,less,81.99,,,$81.99 or lower,finalized,2022-10-20 04:21:54,2022-10-20
1020,100,95,5,1666239715,0.0,5,0,7,,WTI-22OCT20-B89.5,between,89.99,89.0,,$89 to 89.99,finalized,2022-10-20 04:21:55,2022-10-20
1021,87,80,130,1666239770,0.0,20,13,16,,WTI-22OCT20-B85.5,between,85.99,85.0,,$85 to 85.99,finalized,2022-10-20 04:22:50,2022-10-20
1022,100,80,130,1666239771,0.0,20,0,16,,WTI-22OCT20-B85.5,between,85.99,85.0,,$85 to 85.99,finalized,2022-10-20 04:22:51,2022-10-20
1023,100,0,130,1666239771,0.0,100,0,16,,WTI-22OCT20-B85.5,between,85.99,85.0,,$85 to 85.99,finalized,2022-10-20 04:22:51,2022-10-20
1024,95,0,0,1666239772,0.0,100,5,0,,WTI-22OCT20-B82.5,between,82.99,82.0,,$82 to 82.99,finalized,2022-10-20 04:22:52,2022-10-20
1025,96,0,0,1666239773,0.0,100,4,0,,WTI-22OCT20-B82.5,between,82.99,82.0,,$82 to 82.99,finalized,2022-10-20 04:22:53,2022-10-20
1026,96,0,0,1666239773,0.0,100,4,0,,WTI-22OCT20-B88.5,between,88.99,88.0,,$88 to 88.99,finalized,2022-10-20 04:22:53,2022-10-20
1027,96,0,147,1666239774,0.0,100,4,15,,WTI-22OCT20-B83.5,between,83.99,83.0,,$83 to 83.99,finalized,2022-10-20 04:22:54,2022-10-20
1028,87,79,249,1666239774,0.0,21,13,18,,WTI-22OCT20-B84.5,between,84.99,84.0,,$84 to 84.99,finalized,2022-10-20 04:22:54,2022-10-20
1029,87,77,249,1666239774,0.0,23,13,18,,WTI-22OCT20-B84.5,between,84.99,84.0,,$84 to 84.99,finalized,2022-10-20 04:22:54,2022-10-20
1030,100,77,249,1666239774,0.0,23,0,18,,WTI-22OCT20-B84.5,between,84.99,84.0,,$84 to 84.99,finalized,2022-10-20 04:22:54,2022-10-20
1031,100,0,249,1666239774,0.0,100,0,18,,WTI-22OCT20-B84.5,between,84.99,84.0,,$84 to 84.99,finalized,2022-10-20 04:22:54,2022-10-20
1032,95,0,5,1666239774,0.0,100,5,15,,WTI-22OCT20-B87.5,between,87.99,87.0,,$87 to 87.99,finalized,2022-10-20 04:22:54,2022-10-20
1033,100,0,5,1666239774,0.0,100,0,15,,WTI-22OCT20-B87.5,between,87.99,87.0,,$87 to 87.99,finalized,2022-10-20 04:22:54,2022-10-20
1034,100,94,5,1666239774,0.0,6,0,7,,WTI-22OCT20-B89.5,between,89.99,89.0,,$89 to 89.99,finalized,2022-10-20 04:22:54,2022-10-20
1035,100,0,5,1666239774,0.0,100,0,7,,WTI-22OCT20-B89.5,between,89.99,89.0,,$89 to 89.99,finalized,2022-10-20 04:22:54,2022-10-20
1036,96,91,0,1666239774,0.0,9,4,0,,WTI-22OCT20-T89.99,greater,,90.0,,$90 or higher,finalized,2022-10-20 04:22:54,2022-10-20
1037,96,0,0,1666239774,0.0,100,4,0,,WTI-22OCT20-T89.99,greater,,90.0,,$90 or higher,finalized,2022-10-20 04:22:54,2022-10-20
1038,96,94,0,1666267280,0.0,6,4,0,,WTI-22OCT20-B82.5,between,82.99,82.0,,$82 to 82.99,finalized,2022-10-20 12:01:20,2022-10-20
1039,96,95,0,1666267280,0.0,5,4,0,,WTI-22OCT20-B82.5,between,82.99,82.0,,$82 to 82.99,finalized,2022-10-20 12:01:20,2022-10-20
1040,99,96,5,1666267280,5.0,4,1,4,,WTI-22OCT20-B82.5,between,82.99,82.0,,$82 to 82.99,finalized,2022-10-20 12:01:20,2022-10-20
1041,96,93,147,1666267280,0.0,7,4,15,,WTI-22OCT20-B83.5,between,83.99,83.0,,$83 to 83.99,finalized,2022-10-20 12:01:20,2022-10-20
1042,99,0,5,1666267280,0.0,100,1,7,,WTI-22OCT20-B89.5,between,89.99,89.0,,$89 to 89.99,finalized,2022-10-20 12:01:20,2022-10-20
1043,96,95,83,1666267280,0.0,5,4,15,,WTI-22OCT20-T82,less,81.99,,,$81.99 or lower,finalized,2022-10-20 12:01:20,2022-10-20
1044,99,96,83,1666267280,5.0,4,1,4,,WTI-22OCT20-T82,less,81.99,,,$81.99 or lower,finalized,2022-10-20 12:01:20,2022-10-20
1045,91,0,249,1666267281,0.0,100,9,18,,WTI-22OCT20-B84.5,between,84.99,84.0,,$84 to 84.99,finalized,2022-10-20 12:01:21,2022-10-20
1046,76,0,0,1666267281,0.0,100,24,0,,WTI-22OCT20-B86.5,between,86.99,86.0,,$86 to 86.99,finalized,2022-10-20 12:01:21,2022-10-20
1047,91,83,249,1666267282,0.0,17,9,18,,WTI-22OCT20-B84.5,between,84.99,84.0,,$84 to 84.99,finalized,2022-10-20 12:01:22,2022-10-20
1048,90,83,249,1666267282,0.0,17,10,18,,WTI-22OCT20-B84.5,between,84.99,84.0,,$84 to 84.99,finalized,2022-10-20 12:01:22,2022-10-20
1049,90,85,249,1666267282,0.0,15,10,18,,WTI-22OCT20-B84.5,between,84.99,84.0,,$84 to 84.99,finalized,2022-10-20 12:01:22,2022-10-20
1050,90,86,249,1666267282,0.0,14,10,18,,WTI-22OCT20-B84.5,between,84.99,84.0,,$84 to 84.99,finalized,2022-10-20 12:01:22,2022-10-20
1051,76,71,0,1666267282,0.0,29,24,0,,WTI-22OCT20-B86.5,between,86.99,86.0,,$86 to 86.99,finalized,2022-10-20 12:01:22,2022-10-20
1052,100,82,5,1666267282,0.0,18,0,15,,WTI-22OCT20-B87.5,between,87.99,87.0,,$87 to 87.99,finalized,2022-10-20 12:01:22,2022-10-20
1053,87,82,5,1666267282,0.0,18,13,15,,WTI-22OCT20-B87.5,between,87.99,87.0,,$87 to 87.99,finalized,2022-10-20 12:01:22,2022-10-20
1054,86,82,5,1666267282,0.0,18,14,15,,WTI-22OCT20-B87.5,between,87.99,87.0,,$87 to 87.99,finalized,2022-10-20 12:01:22,2022-10-20
1055,96,89,0,1666267282,0.0,11,4,0,,WTI-22OCT20-B88.5,between,88.99,88.0,,$88 to 88.99,finalized,2022-10-20 12:01:22,2022-10-20
1056,96,90,0,1666267282,0.0,10,4,0,,WTI-22OCT20-B88.5,between,88.99,88.0,,$88 to 88.99,finalized,2022-10-20 12:01:22,2022-10-20
1057,95,90,0,1666267282,0.0,10,5,0,,WTI-22OCT20-B88.5,between,88.99,88.0,,$88 to 88.99,finalized,2022-10-20 12:01:22,2022-10-20
1058,95,91,0,1666267282,0.0,9,5,0,,WTI-22OCT20-B88.5,between,88.99,88.0,,$88 to 88.99,finalized,2022-10-20 12:01:22,2022-10-20
1059,99,94,5,1666267282,5.0,6,1,7,,WTI-22OCT20-B89.5,between,89.99,89.0,,$89 to 89.99,finalized,2022-10-20 12:01:22,2022-10-20
1060,99,95,5,1666267282,0.0,5,1,7,,WTI-22OCT20-B89.5,between,89.99,89.0,,$89 to 89.99,finalized,2022-10-20 12:01:22,2022-10-20
1061,96,94,0,1666267282,0.0,6,4,0,,WTI-22OCT20-T89.99,greater,,90.0,,$90 or higher,finalized,2022-10-20 12:01:22,2022-10-20
1062,96,95,0,1666267282,0.0,5,4,0,,WTI-22OCT20-T89.99,greater,,90.0,,$90 or higher,finalized,2022-10-20 12:01:22,2022-10-20
1063,81,0,130,1666267283,0.0,100,19,16,,WTI-22OCT20-B85.5,between,85.99,85.0,,$85 to 85.99,finalized,2022-10-20 12:01:23,2022-10-20
1064,81,72,130,1666267284,0.0,28,19,16,,WTI-22OCT20-B85.5,between,85.99,85.0,,$85 to 85.99,finalized,2022-10-20 12:01:24,2022-10-20
1065,79,72,130,1666267284,0.0,28,21,16,,WTI-22OCT20-B85.5,between,85.99,85.0,,$85 to 85.99,finalized,2022-10-20 12:01:24,2022-10-20
1066,79,74,130,1666267284,0.0,26,21,16,,WTI-22OCT20-B85.5,between,85.99,85.0,,$85 to 85.99,finalized,2022-10-20 12:01:24,2022-10-20
1067,90,83,249,1666267357,0.0,17,10,18,,WTI-22OCT20-B84.5,between,84.99,84.0,,$84 to 84.99,finalized,2022-10-20 12:02:37,2022-10-20
1068,90,0,249,1666267357,0.0,100,10,18,,WTI-22OCT20-B84.5,between,84.99,84.0,,$84 to 84.99,finalized,2022-10-20 12:02:37,2022-10-20
1069,78,71,0,1666267357,0.0,29,22,0,,WTI-22OCT20-B86.5,between,86.99,86.0,,$86 to 86.99,finalized,2022-10-20 12:02:37,2022-10-20
1070,78,69,0,1666267357,0.0,31,22,0,,WTI-22OCT20-B86.5,between,86.99,86.0,,$86 to 86.99,finalized,2022-10-20 12:02:37,2022-10-20
1071,78,0,0,1666267357,0.0,100,22,0,,WTI-22OCT20-B86.5,between,86.99,86.0,,$86 to 86.99,finalized,2022-10-20 12:02:37,2022-10-20
1072,86,80,5,1666267357,0.0,20,14,15,,WTI-22OCT20-B87.5,between,87.99,87.0,,$87 to 87.99,finalized,2022-10-20 12:02:37,2022-10-20
1073,86,78,5,1666267357,0.0,22,14,15,,WTI-22OCT20-B87.5,between,87.99,87.0,,$87 to 87.99,finalized,2022-10-20 12:02:37,2022-10-20
1074,86,0,5,1666267357,0.0,100,14,15,,WTI-22OCT20-B87.5,between,87.99,87.0,,$87 to 87.99,finalized,2022-10-20 12:02:37,2022-10-20
1075,88,0,5,1666267357,0.0,100,12,15,,WTI-22OCT20-B87.5,between,87.99,87.0,,$87 to 87.99,finalized,2022-10-20 12:02:37,2022-10-20
1076,96,91,0,1666267357,0.0,9,4,0,,WTI-22OCT20-B88.5,between,88.99,88.0,,$88 to 88.99,finalized,2022-10-20 12:02:37,2022-10-20
1077,89,0,0,1666267358,0.0,100,11,0,,WTI-22OCT20-B86.5,between,86.99,86.0,,$86 to 86.99,finalized,2022-10-20 12:02:38,2022-10-20
1078,100,74,130,1666267359,0.0,26,0,16,,WTI-22OCT20-B85.5,between,85.99,85.0,,$85 to 85.99,finalized,2022-10-20 12:02:39,2022-10-20
1079,100,0,130,1666267359,0.0,100,0,16,,WTI-22OCT20-B85.5,between,85.99,85.0,,$85 to 85.99,finalized,2022-10-20 12:02:39,2022-10-20
1080,90,80,249,1666267361,0.0,20,10,18,,WTI-22OCT20-B84.5,between,84.99,84.0,,$84 to 84.99,finalized,2022-10-20 12:02:41,2022-10-20
1081,88,80,249,1666267361,0.0,20,12,18,,WTI-22OCT20-B84.5,between,84.99,84.0,,$84 to 84.99,finalized,2022-10-20 12:02:41,2022-10-20
1082,88,82,249,1666267361,0.0,18,12,18,,WTI-22OCT20-B84.5,between,84.99,84.0,,$84 to 84.99,finalized,2022-10-20 12:02:41,2022-10-20
1083,88,84,249,1666267361,0.0,16,12,18,,WTI-22OCT20-B84.5,between,84.99,84.0,,$84 to 84.99,finalized,2022-10-20 12:02:41,2022-10-20
1084,88,79,5,1666267361,0.0,21,12,15,,WTI-22OCT20-B87.5,between,87.99,87.0,,$87 to 87.99,finalized,2022-10-20 12:02:41,2022-10-20
1085,88,83,5,1666267361,0.0,17,12,15,,WTI-22OCT20-B87.5,between,87.99,87.0,,$87 to 87.99,finalized,2022-10-20 12:02:41,2022-10-20
1086,96,92,0,1666267361,0.0,8,4,0,,WTI-22OCT20-B88.5,between,88.99,88.0,,$88 to 88.99,finalized,2022-10-20 12:02:41,2022-10-20
1087,99,96,5,1666267361,0.0,4,1,7,,WTI-22OCT20-B89.5,between,89.99,89.0,,$89 to 89.99,finalized,2022-10-20 12:02:41,2022-10-20
1088,99,96,5,1666267361,5.0,4,1,4,,WTI-22OCT20-T89.99,greater,,90.0,,$90 or higher,finalized,2022-10-20 12:02:41,2022-10-20
1089,89,72,0,1666267362,0.0,28,11,0,,WTI-22OCT20-B86.5,between,86.99,86.0,,$86 to 86.99,finalized,2022-10-20 12:02:42,2022-10-20
1090,80,0,130,1666267363,0.0,100,20,16,,WTI-22OCT20-B85.5,between,85.99,85.0,,$85 to 85.99,finalized,2022-10-20 12:02:43,2022-10-20
1091,78,0,130,1666267363,0.0,100,22,16,,WTI-22OCT20-B85.5,between,85.99,85.0,,$85 to 85.99,finalized,2022-10-20 12:02:43,2022-10-20
1092,78,73,130,1666267363,0.0,27,22,16,,WTI-22OCT20-B85.5,between,85.99,85.0,,$85 to 85.99,finalized,2022-10-20 12:02:43,2022-10-20
1093,79,72,0,1666267363,0.0,28,21,0,,WTI-22OCT20-B86.5,between,86.99,86.0,,$86 to 86.99,finalized,2022-10-20 12:02:43,2022-10-20
1094,77,72,0,1666267363,0.0,28,23,0,,WTI-22OCT20-B86.5,between,86.99,86.0,,$86 to 86.99,finalized,2022-10-20 12:02:43,2022-10-20
1095,75,72,0,1666267390,0.0,28,25,0,,WTI-22OCT20-B86.5,between,86.99,86.0,,$86 to 86.99,finalized,2022-10-20 12:03:10,2022-10-20
1096,89,84,249,1666267425,0.0,16,11,18,,WTI-22OCT20-B84.5,between,84.99,84.0,,$84 to 84.99,finalized,2022-10-20 12:03:45,2022-10-20
1097,89,0,249,1666267425,0.0,100,11,18,,WTI-22OCT20-B84.5,between,84.99,84.0,,$84 to 84.99,finalized,2022-10-20 12:03:45,2022-10-20
1098,88,81,5,1666267426,0.0,19,12,15,,WTI-22OCT20-B87.5,between,87.99,87.0,,$87 to 87.99,finalized,2022-10-20 12:03:46,2022-10-20
1099,88,0,5,1666267427,0.0,100,12,15,,WTI-22OCT20-B87.5,between,87.99,87.0,,$87 to 87.99,finalized,2022-10-20 12:03:47,2022-10-20
1100,99,95,5,1666267427,0.0,5,1,4,,WTI-22OCT20-T89.99,greater,,90.0,,$90 or higher,finalized,2022-10-20 12:03:47,2022-10-20
1101,96,91,69,1666267467,69.0,9,4,8,,WTI-22OCT20-B88.5,between,88.99,88.0,,$88 to 88.99,finalized,2022-10-20 12:04:27,2022-10-20
1102,96,0,256,1666267476,187.0,100,4,10,,WTI-22OCT20-B88.5,between,88.99,88.0,,$88 to 88.99,finalized,2022-10-20 12:04:36,2022-10-20
1103,82,73,174,1666267481,174.0,27,18,20,,WTI-22OCT20-B85.5,between,85.99,85.0,,$85 to 85.99,finalized,2022-10-20 12:04:41,2022-10-20
1104,100,96,5,1666267482,0.0,4,0,4,,WTI-22OCT20-B82.5,between,82.99,82.0,,$82 to 82.99,finalized,2022-10-20 12:04:42,2022-10-20
1105,99,96,5,1666267484,0.0,4,1,4,,WTI-22OCT20-B82.5,between,82.99,82.0,,$82 to 82.99,finalized,2022-10-20 12:04:44,2022-10-20
1106,89,85,249,1666267484,0.0,15,11,18,,WTI-22OCT20-B84.5,between,84.99,84.0,,$84 to 84.99,finalized,2022-10-20 12:04:44,2022-10-20
1107,88,81,5,1666267484,0.0,19,12,15,,WTI-22OCT20-B87.5,between,87.99,87.0,,$87 to 87.99,finalized,2022-10-20 12:04:44,2022-10-20
1108,88,83,5,1666267484,0.0,17,12,15,,WTI-22OCT20-B87.5,between,87.99,87.0,,$87 to 87.99,finalized,2022-10-20 12:04:44,2022-10-20
1109,87,83,5,1666267484,0.0,17,13,15,,WTI-22OCT20-B87.5,between,87.99,87.0,,$87 to 87.99,finalized,2022-10-20 12:04:44,2022-10-20
1110,96,92,256,1666267484,0.0,8,4,10,,WTI-22OCT20-B88.5,between,88.99,88.0,,$88 to 88.99,finalized,2022-10-20 12:04:44,2022-10-20
1111,95,92,256,1666267484,0.0,8,5,10,,WTI-22OCT20-B88.5,between,88.99,88.0,,$88 to 88.99,finalized,2022-10-20 12:04:44,2022-10-20
1112,100,73,280,1666267489,106.0,27,0,18,,WTI-22OCT20-B85.5,between,85.99,85.0,,$85 to 85.99,finalized,2022-10-20 12:04:49,2022-10-20
1113,99,0,410,1666267498,405.0,100,1,6,,WTI-22OCT20-B89.5,between,89.99,89.0,,$89 to 89.99,finalized,2022-10-20 12:04:58,2022-10-20
1114,100,85,301,1666267501,301.0,15,0,9,,WTI-22OCT20-B84.5,between,84.99,84.0,,$84 to 84.99,finalized,2022-10-20 12:05:01,2022-10-20
1115,99,0,476,1666267508,476.0,100,1,7,,WTI-22OCT20-T89.99,greater,,90.0,,$90 or higher,finalized,2022-10-20 12:05:08,2022-10-20
1116,97,93,152,1666267516,99.0,7,3,4,,WTI-22OCT20-B83.5,between,83.99,83.0,,$83 to 83.99,finalized,2022-10-20 12:05:16,2022-10-20
1117,87,79,196,1666267523,191.0,21,13,19,,WTI-22OCT20-B87.5,between,87.99,87.0,,$87 to 87.99,finalized,2022-10-20 12:05:23,2022-10-20
1118,79,72,215,1666267528,215.0,28,21,23,,WTI-22OCT20-B86.5,between,86.99,86.0,,$86 to 86.99,finalized,2022-10-20 12:05:28,2022-10-20
1119,95,0,283,1666267535,27.0,100,5,8,,WTI-22OCT20-B88.5,between,88.99,88.0,,$88 to 88.99,finalized,2022-10-20 12:05:35,2022-10-20
1120,100,83,301,1666267579,0.0,17,0,9,,WTI-22OCT20-B84.5,between,84.99,84.0,,$84 to 84.99,finalized,2022-10-20 12:06:19,2022-10-20
1121,100,0,301,1666267579,0.0,100,0,9,,WTI-22OCT20-B84.5,between,84.99,84.0,,$84 to 84.99,finalized,2022-10-20 12:06:19,2022-10-20
1122,85,73,280,1666267579,0.0,27,15,18,,WTI-22OCT20-B85.5,between,85.99,85.0,,$85 to 85.99,finalized,2022-10-20 12:06:19,2022-10-20
1123,85,0,280,1666267579,0.0,100,15,18,,WTI-22OCT20-B85.5,between,85.99,85.0,,$85 to 85.99,finalized,2022-10-20 12:06:19,2022-10-20
1124,83,0,280,1666267579,0.0,100,17,18,,WTI-22OCT20-B85.5,between,85.99,85.0,,$85 to 85.99,finalized,2022-10-20 12:06:19,2022-10-20
1125,89,72,215,1666267579,0.0,28,11,23,,WTI-22OCT20-B86.5,between,86.99,86.0,,$86 to 86.99,finalized,2022-10-20 12:06:19,2022-10-20
1126,89,0,215,1666267579,0.0,100,11,23,,WTI-22OCT20-B86.5,between,86.99,86.0,,$86 to 86.99,finalized,2022-10-20 12:06:19,2022-10-20
1127,87,0,196,1666267579,0.0,100,13,19,,WTI-22OCT20-B87.5,between,87.99,87.0,,$87 to 87.99,finalized,2022-10-20 12:06:19,2022-10-20
1128,100,96,83,1666267579,0.0,4,0,4,,WTI-22OCT20-T82,less,81.99,,,$81.99 or lower,finalized,2022-10-20 12:06:19,2022-10-20
1129,100,0,476,1666267579,0.0,100,0,7,,WTI-22OCT20-T89.99,greater,,90.0,,$90 or higher,finalized,2022-10-20 12:06:19,2022-10-20
1130,92,0,301,1666267581,0.0,100,8,9,,WTI-22OCT20-B84.5,between,84.99,84.0,,$84 to 84.99,finalized,2022-10-20 12:06:21,2022-10-20
1131,92,88,301,1666267581,0.0,12,8,9,,WTI-22OCT20-B84.5,between,84.99,84.0,,$84 to 84.99,finalized,2022-10-20 12:06:21,2022-10-20
1132,83,79,280,1666267581,0.0,21,17,18,,WTI-22OCT20-B85.5,between,85.99,85.0,,$85 to 85.99,finalized,2022-10-20 12:06:21,2022-10-20
1133,76,0,215,1666267581,0.0,100,24,23,,WTI-22OCT20-B86.5,between,86.99,86.0,,$86 to 86.99,finalized,2022-10-20 12:06:21,2022-10-20
1134,76,71,215,1666267581,0.0,29,24,23,,WTI-22OCT20-B86.5,between,86.99,86.0,,$86 to 86.99,finalized,2022-10-20 12:06:21,2022-10-20
1135,87,82,196,1666267581,0.0,18,13,19,,WTI-22OCT20-B87.5,between,87.99,87.0,,$87 to 87.99,finalized,2022-10-20 12:06:21,2022-10-20
1136,95,87,283,1666267581,0.0,13,5,8,,WTI-22OCT20-B88.5,between,88.99,88.0,,$88 to 88.99,finalized,2022-10-20 12:06:21,2022-10-20
1137,94,87,283,1666267581,0.0,13,6,8,,WTI-22OCT20-B88.5,between,88.99,88.0,,$88 to 88.99,finalized,2022-10-20 12:06:21,2022-10-20
1138,94,88,283,1666267581,0.0,12,6,8,,WTI-22OCT20-B88.5,between,88.99,88.0,,$88 to 88.99,finalized,2022-10-20 12:06:21,2022-10-20
1139,93,88,283,1666267581,0.0,12,7,8,,WTI-22OCT20-B88.5,between,88.99,88.0,,$88 to 88.99,finalized,2022-10-20 12:06:21,2022-10-20
1140,93,89,283,1666267581,0.0,11,7,8,,WTI-22OCT20-B88.5,between,88.99,88.0,,$88 to 88.99,finalized,2022-10-20 12:06:21,2022-10-20
1141,100,90,476,1666267581,0.0,10,0,7,,WTI-22OCT20-T89.99,greater,,90.0,,$90 or higher,finalized,2022-10-20 12:06:21,2022-10-20
1142,98,90,476,1666267581,0.0,10,2,7,,WTI-22OCT20-T89.99,greater,,90.0,,$90 or higher,finalized,2022-10-20 12:06:21,2022-10-20
1143,98,91,476,1666267581,0.0,9,2,7,,WTI-22OCT20-T89.99,greater,,90.0,,$90 or higher,finalized,2022-10-20 12:06:21,2022-10-20
1144,98,92,476,1666267581,0.0,8,2,7,,WTI-22OCT20-T89.99,greater,,90.0,,$90 or higher,finalized,2022-10-20 12:06:21,2022-10-20
1145,96,92,476,1666267581,0.0,8,4,7,,WTI-22OCT20-T89.99,greater,,90.0,,$90 or higher,finalized,2022-10-20 12:06:21,2022-10-20
1146,99,96,83,1666267582,0.0,4,1,4,,WTI-22OCT20-T82,less,81.99,,,$81.99 or lower,finalized,2022-10-20 12:06:22,2022-10-20
1147,99,93,410,1666267583,0.0,7,1,6,,WTI-22OCT20-B89.5,between,89.99,89.0,,$89 to 89.99,finalized,2022-10-20 12:06:23,2022-10-20
1148,97,93,410,1666267583,0.0,7,3,6,,WTI-22OCT20-B89.5,between,89.99,89.0,,$89 to 89.99,finalized,2022-10-20 12:06:23,2022-10-20
1149,100,96,5,1666267654,0.0,4,0,4,,WTI-22OCT20-B82.5,between,82.99,82.0,,$82 to 82.99,finalized,2022-10-20 12:07:34,2022-10-20
1150,83,75,280,1666267654,0.0,25,17,18,,WTI-22OCT20-B85.5,between,85.99,85.0,,$85 to 85.99,finalized,2022-10-20 12:07:34,2022-10-20
1151,92,86,301,1666267655,0.0,14,8,9,,WTI-22OCT20-B84.5,between,84.99,84.0,,$84 to 84.99,finalized,2022-10-20 12:07:35,2022-10-20
1152,99,96,5,1666267656,0.0,4,1,4,,WTI-22OCT20-B82.5,between,82.99,82.0,,$82 to 82.99,finalized,2022-10-20 12:07:36,2022-10-20
1153,88,82,196,1666267656,0.0,18,12,19,,WTI-22OCT20-B87.5,between,87.99,87.0,,$87 to 87.99,finalized,2022-10-20 12:07:36,2022-10-20
1154,88,0,196,1666267656,0.0,100,12,19,,WTI-22OCT20-B87.5,between,87.99,87.0,,$87 to 87.99,finalized,2022-10-20 12:07:36,2022-10-20
1155,96,89,283,1666267656,0.0,11,4,8,,WTI-22OCT20-B88.5,between,88.99,88.0,,$88 to 88.99,finalized,2022-10-20 12:07:36,2022-10-20
1156,98,93,410,1666267656,0.0,7,2,6,,WTI-22OCT20-B89.5,between,89.99,89.0,,$89 to 89.99,finalized,2022-10-20 12:07:36,2022-10-20
1157,97,92,476,1666267656,0.0,8,3,7,,WTI-22OCT20-T89.99,greater,,90.0,,$90 or higher,finalized,2022-10-20 12:07:36,2022-10-20
1158,98,92,476,1666267656,0.0,8,2,7,,WTI-22OCT20-T89.99,greater,,90.0,,$90 or higher,finalized,2022-10-20 12:07:36,2022-10-20
1159,98,91,476,1666267656,0.0,9,2,7,,WTI-22OCT20-T89.99,greater,,90.0,,$90 or higher,finalized,2022-10-20 12:07:36,2022-10-20
1160,98,0,476,1666267657,0.0,100,2,7,,WTI-22OCT20-T89.99,greater,,90.0,,$90 or higher,finalized,2022-10-20 12:07:37,2022-10-20
1161,91,86,301,1666267659,0.0,14,9,9,,WTI-22OCT20-B84.5,between,84.99,84.0,,$84 to 84.99,finalized,2022-10-20 12:07:39,2022-10-20
1162,87,0,196,1666267659,0.0,100,13,19,,WTI-22OCT20-B87.5,between,87.99,87.0,,$87 to 87.99,finalized,2022-10-20 12:07:39,2022-10-20
1163,95,89,283,1666267659,0.0,11,5,8,,WTI-22OCT20-B88.5,between,88.99,88.0,,$88 to 88.99,finalized,2022-10-20 12:07:39,2022-10-20
1164,90,86,301,1666267660,0.0,14,10,9,,WTI-22OCT20-B84.5,between,84.99,84.0,,$84 to 84.99,finalized,2022-10-20 12:07:40,2022-10-20
1165,79,75,280,1666267660,0.0,25,21,18,,WTI-22OCT20-B85.5,between,85.99,85.0,,$85 to 85.99,finalized,2022-10-20 12:07:40,2022-10-20
1166,95,90,283,1666267660,0.0,10,5,8,,WTI-22OCT20-B88.5,between,88.99,88.0,,$88 to 88.99,finalized,2022-10-20 12:07:40,2022-10-20
1167,95,91,283,1666267660,0.0,9,5,8,,WTI-22OCT20-B88.5,between,88.99,88.0,,$88 to 88.99,finalized,2022-10-20 12:07:40,2022-10-20
1168,98,95,476,1666267660,0.0,5,2,7,,WTI-22OCT20-T89.99,greater,,90.0,,$90 or higher,finalized,2022-10-20 12:07:40,2022-10-20
1169,96,93,152,1666267661,0.0,7,4,4,,WTI-22OCT20-B83.5,between,83.99,83.0,,$83 to 83.99,finalized,2022-10-20 12:07:41,2022-10-20
1170,98,95,410,1666267661,0.0,5,2,6,,WTI-22OCT20-B89.5,between,89.99,89.0,,$89 to 89.99,finalized,2022-10-20 12:07:41,2022-10-20
1171,87,81,196,1666267662,0.0,19,13,19,,WTI-22OCT20-B87.5,between,87.99,87.0,,$87 to 87.99,finalized,2022-10-20 12:07:42,2022-10-20
1172,87,83,196,1666267662,0.0,17,13,19,,WTI-22OCT20-B87.5,between,87.99,87.0,,$87 to 87.99,finalized,2022-10-20 12:07:42,2022-10-20
1173,79,0,280,1666267731,410.0,100,21,18,,WTI-22OCT20-B85.5,between,85.99,85.0,,$85 to 85.99,finalized,2022-10-20 12:08:51,2022-10-20
1174,90,85,301,1666267733,0.0,15,10,9,,WTI-22OCT20-B84.5,between,84.99,84.0,,$84 to 84.99,finalized,2022-10-20 12:08:53,2022-10-20
1175,78,71,215,1666267733,0.0,29,22,23,,WTI-22OCT20-B86.5,between,86.99,86.0,,$86 to 86.99,finalized,2022-10-20 12:08:53,2022-10-20
1176,78,69,215,1666267733,0.0,31,22,23,,WTI-22OCT20-B86.5,between,86.99,86.0,,$86 to 86.99,finalized,2022-10-20 12:08:53,2022-10-20
1177,80,69,215,1666267733,0.0,31,20,23,,WTI-22OCT20-B86.5,between,86.99,86.0,,$86 to 86.99,finalized,2022-10-20 12:08:53,2022-10-20
1178,89,69,215,1666267733,0.0,31,11,23,,WTI-22OCT20-B86.5,between,86.99,86.0,,$86 to 86.99,finalized,2022-10-20 12:08:53,2022-10-20
1179,89,0,215,1666267733,0.0,100,11,23,,WTI-22OCT20-B86.5,between,86.99,86.0,,$86 to 86.99,finalized,2022-10-20 12:08:53,2022-10-20
1180,87,81,196,1666267733,0.0,19,13,19,,WTI-22OCT20-B87.5,between,87.99,87.0,,$87 to 87.99,finalized,2022-10-20 12:08:53,2022-10-20
1181,87,0,196,1666267733,0.0,100,13,19,,WTI-22OCT20-B87.5,between,87.99,87.0,,$87 to 87.99,finalized,2022-10-20 12:08:53,2022-10-20
1182,99,95,410,1666267733,0.0,5,1,6,,WTI-22OCT20-B89.5,between,89.99,89.0,,$89 to 89.99,finalized,2022-10-20 12:08:53,2022-10-20
1183,100,96,83,1666267733,0.0,4,0,4,,WTI-22OCT20-T82,less,81.99,,,$81.99 or lower,finalized,2022-10-20 12:08:53,2022-10-20
1184,79,74,280,1666267734,0.0,26,21,18,,WTI-22OCT20-B85.5,between,85.99,85.0,,$85 to 85.99,finalized,2022-10-20 12:08:54,2022-10-20
1185,79,0,215,1666267734,0.0,100,21,23,,WTI-22OCT20-B86.5,between,86.99,86.0,,$86 to 86.99,finalized,2022-10-20 12:08:54,2022-10-20
1186,79,72,215,1666267734,0.0,28,21,23,,WTI-22OCT20-B86.5,between,86.99,86.0,,$86 to 86.99,finalized,2022-10-20 12:08:54,2022-10-20
1187,77,72,215,1666267734,0.0,28,23,23,,WTI-22OCT20-B86.5,between,86.99,86.0,,$86 to 86.99,finalized,2022-10-20 12:08:54,2022-10-20
1188,90,86,301,1666267790,0.0,14,10,9,,WTI-22OCT20-B84.5,between,84.99,84.0,,$84 to 84.99,finalized,2022-10-20 12:09:50,2022-10-20
1189,87,78,196,1666267790,0.0,22,13,19,,WTI-22OCT20-B87.5,between,87.99,87.0,,$87 to 87.99,finalized,2022-10-20 12:09:50,2022-10-20
1190,87,80,196,1666267790,0.0,20,13,19,,WTI-22OCT20-B87.5,between,87.99,87.0,,$87 to 87.99,finalized,2022-10-20 12:09:50,2022-10-20
1191,87,82,196,1666267790,0.0,18,13,19,,WTI-22OCT20-B87.5,between,87.99,87.0,,$87 to 87.99,finalized,2022-10-20 12:09:50,2022-10-20
1192,86,82,196,1666267790,0.0,18,14,19,,WTI-22OCT20-B87.5,between,87.99,87.0,,$87 to 87.99,finalized,2022-10-20 12:09:50,2022-10-20
1193,99,96,83,1666267790,0.0,4,1,4,,WTI-22OCT20-T82,less,81.99,,,$81.99 or lower,finalized,2022-10-20 12:09:50,2022-10-20
1194,99,95,5,1666267969,0.0,5,1,4,,WTI-22OCT20-B82.5,between,82.99,82.0,,$82 to 82.99,finalized,2022-10-20 12:12:49,2022-10-20
1195,97,93,152,1666267973,0.0,7,3,4,,WTI-22OCT20-B83.5,between,83.99,83.0,,$83 to 83.99,finalized,2022-10-20 12:12:53,2022-10-20
1196,98,93,152,1666267973,0.0,7,2,4,,WTI-22OCT20-B83.5,between,83.99,83.0,,$83 to 83.99,finalized,2022-10-20 12:12:53,2022-10-20
1197,98,92,152,1666267973,0.0,8,2,4,,WTI-22OCT20-B83.5,between,83.99,83.0,,$83 to 83.99,finalized,2022-10-20 12:12:53,2022-10-20
1198,79,72,280,1666267973,0.0,28,21,18,,WTI-22OCT20-B85.5,between,85.99,85.0,,$85 to 85.99,finalized,2022-10-20 12:12:53,2022-10-20
1199,79,0,280,1666267973,0.0,100,21,18,,WTI-22OCT20-B85.5,between,85.99,85.0,,$85 to 85.99,finalized,2022-10-20 12:12:53,2022-10-20
1200,100,0,280,1666267973,0.0,100,0,18,,WTI-22OCT20-B85.5,between,85.99,85.0,,$85 to 85.99,finalized,2022-10-20 12:12:53,2022-10-20
1201,86,78,196,1666267973,0.0,22,14,19,,WTI-22OCT20-B87.5,between,87.99,87.0,,$87 to 87.99,finalized,2022-10-20 12:12:53,2022-10-20
1202,86,0,196,1666267973,0.0,100,14,19,,WTI-22OCT20-B87.5,between,87.99,87.0,,$87 to 87.99,finalized,2022-10-20 12:12:53,2022-10-20
1203,99,95,83,1666267973,0.0,5,1,4,,WTI-22OCT20-T82,less,81.99,,,$81.99 or lower,finalized,2022-10-20 12:12:53,2022-10-20
1204,99,95,476,1666267993,149.0,5,1,2,,WTI-22OCT20-T89.99,greater,,90.0,,$90 or higher,finalized,2022-10-20 12:13:13,2022-10-20
1205,99,94,121,1666268013,199.0,6,1,5,,WTI-22OCT20-T82,less,81.99,,,$81.99 or lower,finalized,2022-10-20 12:13:33,2022-10-20
1206,90,0,301,1666268089,0.0,100,10,9,,WTI-22OCT20-B84.5,between,84.99,84.0,,$84 to 84.99,finalized,2022-10-20 12:14:49,2022-10-20
1207,77,68,215,1666268089,0.0,32,23,23,,WTI-22OCT20-B86.5,between,86.99,86.0,,$86 to 86.99,finalized,2022-10-20 12:14:49,2022-10-20
1208,81,68,215,1666268089,0.0,32,19,23,,WTI-22OCT20-B86.5,between,86.99,86.0,,$86 to 86.99,finalized,2022-10-20 12:14:49,2022-10-20
1209,81,0,215,1666268089,0.0,100,19,23,,WTI-22OCT20-B86.5,between,86.99,86.0,,$86 to 86.99,finalized,2022-10-20 12:14:49,2022-10-20
1210,89,0,215,1666268090,0.0,100,11,23,,WTI-22OCT20-B86.5,between,86.99,86.0,,$86 to 86.99,finalized,2022-10-20 12:14:50,2022-10-20
1211,87,0,196,1666268093,0.0,100,13,19,,WTI-22OCT20-B87.5,between,87.99,87.0,,$87 to 87.99,finalized,2022-10-20 12:14:53,2022-10-20
1212,89,0,301,1666268094,0.0,100,11,9,,WTI-22OCT20-B84.5,between,84.99,84.0,,$84 to 84.99,finalized,2022-10-20 12:14:54,2022-10-20
1213,89,84,301,1666268094,0.0,16,11,9,,WTI-22OCT20-B84.5,between,84.99,84.0,,$84 to 84.99,finalized,2022-10-20 12:14:54,2022-10-20
1214,82,0,280,1666268094,0.0,100,18,18,,WTI-22OCT20-B85.5,between,85.99,85.0,,$85 to 85.99,finalized,2022-10-20 12:14:54,2022-10-20
1215,82,73,280,1666268094,0.0,27,18,18,,WTI-22OCT20-B85.5,between,85.99,85.0,,$85 to 85.99,finalized,2022-10-20 12:14:54,2022-10-20
1216,78,73,280,1666268094,0.0,27,22,18,,WTI-22OCT20-B85.5,between,85.99,85.0,,$85 to 85.99,finalized,2022-10-20 12:14:54,2022-10-20
1217,89,69,215,1666268094,0.0,31,11,23,,WTI-22OCT20-B86.5,between,86.99,86.0,,$86 to 86.99,finalized,2022-10-20 12:14:54,2022-10-20
1218,89,73,215,1666268094,0.0,27,11,23,,WTI-22OCT20-B86.5,between,86.99,86.0,,$86 to 86.99,finalized,2022-10-20 12:14:54,2022-10-20
1219,82,73,215,1666268094,0.0,27,18,23,,WTI-22OCT20-B86.5,between,86.99,86.0,,$86 to 86.99,finalized,2022-10-20 12:14:54,2022-10-20
1220,99,96,5,1666268095,0.0,4,1,4,,WTI-22OCT20-B82.5,between,82.99,82.0,,$82 to 82.99,finalized,2022-10-20 12:14:55,2022-10-20
1221,80,73,215,1666268095,0.0,27,20,23,,WTI-22OCT20-B86.5,between,86.99,86.0,,$86 to 86.99,finalized,2022-10-20 12:14:55,2022-10-20
1222,78,73,215,1666268095,0.0,27,22,23,,WTI-22OCT20-B86.5,between,86.99,86.0,,$86 to 86.99,finalized,2022-10-20 12:14:55,2022-10-20
1223,89,82,301,1666268212,0.0,18,11,9,,WTI-22OCT20-B84.5,between,84.99,84.0,,$84 to 84.99,finalized,2022-10-20 12:16:52,2022-10-20
1224,78,71,215,1666268212,0.0,29,22,23,,WTI-22OCT20-B86.5,between,86.99,86.0,,$86 to 86.99,finalized,2022-10-20 12:16:52,2022-10-20
1225,78,0,215,1666268212,0.0,100,22,23,,WTI-22OCT20-B86.5,between,86.99,86.0,,$86 to 86.99,finalized,2022-10-20 12:16:52,2022-10-20
1226,80,0,215,1666268212,0.0,100,20,23,,WTI-22OCT20-B86.5,between,86.99,86.0,,$86 to 86.99,finalized,2022-10-20 12:16:52,2022-10-20
1227,81,0,215,1666268212,0.0,100,19,23,,WTI-22OCT20-B86.5,between,86.99,86.0,,$86 to 86.99,finalized,2022-10-20 12:16:52,2022-10-20
1228,89,0,301,1666268213,0.0,100,11,9,,WTI-22OCT20-B84.5,between,84.99,84.0,,$84 to 84.99,finalized,2022-10-20 12:16:53,2022-10-20
1229,96,92,152,1666268214,0.0,8,4,4,,WTI-22OCT20-B83.5,between,83.99,83.0,,$83 to 83.99,finalized,2022-10-20 12:16:54,2022-10-20
1230,89,83,301,1666268214,0.0,17,11,9,,WTI-22OCT20-B84.5,between,84.99,84.0,,$84 to 84.99,finalized,2022-10-20 12:16:54,2022-10-20
1231,89,85,301,1666268214,0.0,15,11,9,,WTI-22OCT20-B84.5,between,84.99,84.0,,$84 to 84.99,finalized,2022-10-20 12:16:54,2022-10-20
1232,77,0,215,1666268214,0.0,100,23,23,,WTI-22OCT20-B86.5,between,86.99,86.0,,$86 to 86.99,finalized,2022-10-20 12:16:54,2022-10-20
1233,77,72,215,1666268214,0.0,28,23,23,,WTI-22OCT20-B86.5,between,86.99,86.0,,$86 to 86.99,finalized,2022-10-20 12:16:54,2022-10-20
1234,78,71,280,1666268230,77.0,29,22,27,,WTI-22OCT20-B85.5,between,85.99,85.0,,$85 to 85.99,finalized,2022-10-20 12:17:10,2022-10-20
1235,80,71,280,1666268261,0.0,29,20,27,,WTI-22OCT20-B85.5,between,85.99,85.0,,$85 to 85.99,finalized,2022-10-20 12:17:41,2022-10-20
1236,80,69,280,1666268261,0.0,31,20,27,,WTI-22OCT20-B85.5,between,85.99,85.0,,$85 to 85.99,finalized,2022-10-20 12:17:41,2022-10-20
1237,80,0,280,1666268261,0.0,100,20,27,,WTI-22OCT20-B85.5,between,85.99,85.0,,$85 to 85.99,finalized,2022-10-20 12:17:41,2022-10-20
1238,82,0,280,1666268261,0.0,100,18,27,,WTI-22OCT20-B85.5,between,85.99,85.0,,$85 to 85.99,finalized,2022-10-20 12:17:41,2022-10-20
1239,100,0,280,1666268261,0.0,100,0,27,,WTI-22OCT20-B85.5,between,85.99,85.0,,$85 to 85.99,finalized,2022-10-20 12:17:41,2022-10-20
1240,79,72,215,1666268261,0.0,28,21,23,,WTI-22OCT20-B86.5,between,86.99,86.0,,$86 to 86.99,finalized,2022-10-20 12:17:41,2022-10-20
1241,81,72,215,1666268261,0.0,28,19,23,,WTI-22OCT20-B86.5,between,86.99,86.0,,$86 to 86.99,finalized,2022-10-20 12:17:41,2022-10-20
1242,81,70,215,1666268261,0.0,30,19,23,,WTI-22OCT20-B86.5,between,86.99,86.0,,$86 to 86.99,finalized,2022-10-20 12:17:41,2022-10-20
1243,81,0,215,1666268261,0.0,100,19,23,,WTI-22OCT20-B86.5,between,86.99,86.0,,$86 to 86.99,finalized,2022-10-20 12:17:41,2022-10-20
1244,89,0,215,1666268261,0.0,100,11,23,,WTI-22OCT20-B86.5,between,86.99,86.0,,$86 to 86.99,finalized,2022-10-20 12:17:41,2022-10-20
1245,96,93,152,1666268263,0.0,7,4,4,,WTI-22OCT20-B83.5,between,83.99,83.0,,$83 to 83.99,finalized,2022-10-20 12:17:43,2022-10-20
1246,100,72,280,1666268263,0.0,28,0,27,,WTI-22OCT20-B85.5,between,85.99,85.0,,$85 to 85.99,finalized,2022-10-20 12:17:43,2022-10-20
1247,77,72,280,1666268263,0.0,28,23,27,,WTI-22OCT20-B85.5,between,85.99,85.0,,$85 to 85.99,finalized,2022-10-20 12:17:43,2022-10-20
1248,89,73,215,1666268263,0.0,27,11,23,,WTI-22OCT20-B86.5,between,86.99,86.0,,$86 to 86.99,finalized,2022-10-20 12:17:43,2022-10-20
1249,78,73,215,1666268263,0.0,27,22,23,,WTI-22OCT20-B86.5,between,86.99,86.0,,$86 to 86.99,finalized,2022-10-20 12:17:43,2022-10-20
1250,95,92,283,1666268263,0.0,8,5,8,,WTI-22OCT20-B88.5,between,88.99,88.0,,$88 to 88.99,finalized,2022-10-20 12:17:43,2022-10-20
1251,87,81,196,1666268265,0.0,19,13,19,,WTI-22OCT20-B87.5,between,87.99,87.0,,$87 to 87.99,finalized,2022-10-20 12:17:45,2022-10-20
1252,99,95,121,1666268265,0.0,5,1,5,,WTI-22OCT20-T82,less,81.99,,,$81.99 or lower,finalized,2022-10-20 12:17:45,2022-10-20
1253,99,96,121,1666268265,0.0,4,1,5,,WTI-22OCT20-T82,less,81.99,,,$81.99 or lower,finalized,2022-10-20 12:17:45,2022-10-20
1254,87,83,196,1666268266,0.0,17,13,19,,WTI-22OCT20-B87.5,between,87.99,87.0,,$87 to 87.99,finalized,2022-10-20 12:17:46,2022-10-20
1255,99,95,5,1666268326,0.0,5,1,4,,WTI-22OCT20-B82.5,between,82.99,82.0,,$82 to 82.99,finalized,2022-10-20 12:18:46,2022-10-20
1256,100,95,5,1666268326,0.0,5,0,4,,WTI-22OCT20-B82.5,between,82.99,82.0,,$82 to 82.99,finalized,2022-10-20 12:18:46,2022-10-20
1257,99,94,410,1666268326,0.0,6,1,6,,WTI-22OCT20-B89.5,between,89.99,89.0,,$89 to 89.99,finalized,2022-10-20 12:18:46,2022-10-20
1258,100,94,410,1666268326,0.0,6,0,6,,WTI-22OCT20-B89.5,between,89.99,89.0,,$89 to 89.99,finalized,2022-10-20 12:18:46,2022-10-20
1259,100,96,121,1666268327,0.0,4,0,5,,WTI-22OCT20-T82,less,81.99,,,$81.99 or lower,finalized,2022-10-20 12:18:47,2022-10-20
1260,99,94,476,1666268327,0.0,6,1,2,,WTI-22OCT20-T89.99,greater,,90.0,,$90 or higher,finalized,2022-10-20 12:18:47,2022-10-20
1261,77,70,280,1666268328,0.0,30,23,27,,WTI-22OCT20-B85.5,between,85.99,85.0,,$85 to 85.99,finalized,2022-10-20 12:18:48,2022-10-20
1262,79,70,280,1666268328,0.0,30,21,27,,WTI-22OCT20-B85.5,between,85.99,85.0,,$85 to 85.99,finalized,2022-10-20 12:18:48,2022-10-20
1263,96,92,283,1666268328,0.0,8,4,8,,WTI-22OCT20-B88.5,between,88.99,88.0,,$88 to 88.99,finalized,2022-10-20 12:18:48,2022-10-20
1264,100,70,280,1666268329,0.0,30,0,27,,WTI-22OCT20-B85.5,between,85.99,85.0,,$85 to 85.99,finalized,2022-10-20 12:18:49,2022-10-20
1265,99,95,5,1666268332,0.0,5,1,4,,WTI-22OCT20-B82.5,between,82.99,82.0,,$82 to 82.99,finalized,2022-10-20 12:18:52,2022-10-20
1266,99,96,5,1666268332,0.0,4,1,4,,WTI-22OCT20-B82.5,between,82.99,82.0,,$82 to 82.99,finalized,2022-10-20 12:18:52,2022-10-20
1267,100,0,280,1666268332,0.0,100,0,27,,WTI-22OCT20-B85.5,between,85.99,85.0,,$85 to 85.99,finalized,2022-10-20 12:18:52,2022-10-20
1268,95,92,283,1666268332,0.0,8,5,8,,WTI-22OCT20-B88.5,between,88.99,88.0,,$88 to 88.99,finalized,2022-10-20 12:18:52,2022-10-20
1269,100,95,410,1666268332,0.0,5,0,6,,WTI-22OCT20-B89.5,between,89.99,89.0,,$89 to 89.99,finalized,2022-10-20 12:18:52,2022-10-20
1270,99,95,410,1666268332,0.0,5,1,6,,WTI-22OCT20-B89.5,between,89.99,89.0,,$89 to 89.99,finalized,2022-10-20 12:18:52,2022-10-20
1271,99,96,121,1666268332,0.0,4,1,5,,WTI-22OCT20-T82,less,81.99,,,$81.99 or lower,finalized,2022-10-20 12:18:52,2022-10-20
1272,99,95,476,1666268332,0.0,5,1,2,,WTI-22OCT20-T89.99,greater,,90.0,,$90 or higher,finalized,2022-10-20 12:18:52,2022-10-20
1273,99,96,410,1666268333,0.0,4,1,6,,WTI-22OCT20-B89.5,between,89.99,89.0,,$89 to 89.99,finalized,2022-10-20 12:18:53,2022-10-20
1274,100,69,280,1666268334,0.0,31,0,27,,WTI-22OCT20-B85.5,between,85.99,85.0,,$85 to 85.99,finalized,2022-10-20 12:18:54,2022-10-20
1275,100,73,280,1666268334,0.0,27,0,27,,WTI-22OCT20-B85.5,between,85.99,85.0,,$85 to 85.99,finalized,2022-10-20 12:18:54,2022-10-20
1276,82,73,280,1666268334,0.0,27,18,27,,WTI-22OCT20-B85.5,between,85.99,85.0,,$85 to 85.99,finalized,2022-10-20 12:18:54,2022-10-20
1277,78,73,280,1666268334,0.0,27,22,27,,WTI-22OCT20-B85.5,between,85.99,85.0,,$85 to 85.99,finalized,2022-10-20 12:18:54,2022-10-20
1278,96,92,152,1666268395,0.0,8,4,4,,WTI-22OCT20-B83.5,between,83.99,83.0,,$83 to 83.99,finalized,2022-10-20 12:19:55,2022-10-20
1279,99,95,410,1666268395,0.0,5,1,6,,WTI-22OCT20-B89.5,between,89.99,89.0,,$89 to 89.99,finalized,2022-10-20 12:19:55,2022-10-20
1280,99,95,121,1666268395,0.0,5,1,5,,WTI-22OCT20-T82,less,81.99,,,$81.99 or lower,finalized,2022-10-20 12:19:55,2022-10-20
1281,88,83,196,1666268481,0.0,17,12,19,,WTI-22OCT20-B87.5,between,87.99,87.0,,$87 to 87.99,finalized,2022-10-20 12:21:21,2022-10-20
1282,96,93,152,1666268483,0.0,7,4,4,,WTI-22OCT20-B83.5,between,83.99,83.0,,$83 to 83.99,finalized,2022-10-20 12:21:23,2022-10-20
1283,89,83,301,1666268483,0.0,17,11,9,,WTI-22OCT20-B84.5,between,84.99,84.0,,$84 to 84.99,finalized,2022-10-20 12:21:23,2022-10-20
1284,78,71,215,1666268483,0.0,29,22,23,,WTI-22OCT20-B86.5,between,86.99,86.0,,$86 to 86.99,finalized,2022-10-20 12:21:23,2022-10-20
1285,80,71,215,1666268483,0.0,29,20,23,,WTI-22OCT20-B86.5,between,86.99,86.0,,$86 to 86.99,finalized,2022-10-20 12:21:23,2022-10-20
1286,80,0,215,1666268483,0.0,100,20,23,,WTI-22OCT20-B86.5,between,86.99,86.0,,$86 to 86.99,finalized,2022-10-20 12:21:23,2022-10-20
1287,87,83,196,1666268483,0.0,17,13,19,,WTI-22OCT20-B87.5,between,87.99,87.0,,$87 to 87.99,finalized,2022-10-20 12:21:23,2022-10-20
1288,99,96,121,1666268483,0.0,4,1,5,,WTI-22OCT20-T82,less,81.99,,,$81.99 or lower,finalized,2022-10-20 12:21:23,2022-10-20
1289,100,95,476,1666268483,0.0,5,0,2,,WTI-22OCT20-T89.99,greater,,90.0,,$90 or higher,finalized,2022-10-20 12:21:23,2022-10-20
1290,89,85,301,1666268485,0.0,15,11,9,,WTI-22OCT20-B84.5,between,84.99,84.0,,$84 to 84.99,finalized,2022-10-20 12:21:25,2022-10-20
1291,89,0,215,1666268485,0.0,100,11,23,,WTI-22OCT20-B86.5,between,86.99,86.0,,$86 to 86.99,finalized,2022-10-20 12:21:25,2022-10-20
1292,79,0,215,1666268485,0.0,100,21,23,,WTI-22OCT20-B86.5,between,86.99,86.0,,$86 to 86.99,finalized,2022-10-20 12:21:25,2022-10-20
1293,79,68,215,1666268485,0.0,32,21,23,,WTI-22OCT20-B86.5,between,86.99,86.0,,$86 to 86.99,finalized,2022-10-20 12:21:25,2022-10-20
1294,79,70,215,1666268485,0.0,30,21,23,,WTI-22OCT20-B86.5,between,86.99,86.0,,$86 to 86.99,finalized,2022-10-20 12:21:25,2022-10-20
1295,77,70,215,1666268485,0.0,30,23,23,,WTI-22OCT20-B86.5,between,86.99,86.0,,$86 to 86.99,finalized,2022-10-20 12:21:25,2022-10-20
1296,77,72,215,1666268485,0.0,28,23,23,,WTI-22OCT20-B86.5,between,86.99,86.0,,$86 to 86.99,finalized,2022-10-20 12:21:25,2022-10-20
1297,99,95,476,1666268486,0.0,5,1,2,,WTI-22OCT20-T89.99,greater,,90.0,,$90 or higher,finalized,2022-10-20 12:21:26,2022-10-20
1298,87,81,196,1666268553,0.0,19,13,19,,WTI-22OCT20-B87.5,between,87.99,87.0,,$87 to 87.99,finalized,2022-10-20 12:22:33,2022-10-20
1299,87,79,196,1666268554,0.0,21,13,19,,WTI-22OCT20-B87.5,between,87.99,87.0,,$87 to 87.99,finalized,2022-10-20 12:22:34,2022-10-20
1300,87,0,196,1666268554,0.0,100,13,19,,WTI-22OCT20-B87.5,between,87.99,87.0,,$87 to 87.99,finalized,2022-10-20 12:22:34,2022-10-20
1301,87,82,196,1666268557,0.0,18,13,19,,WTI-22OCT20-B87.5,between,87.99,87.0,,$87 to 87.99,finalized,2022-10-20 12:22:37,2022-10-20
1302,99,95,5,1666268671,0.0,5,1,4,,WTI-22OCT20-B82.5,between,82.99,82.0,,$82 to 82.99,finalized,2022-10-20 12:24:31,2022-10-20
1303,97,93,152,1666268671,0.0,7,3,4,,WTI-22OCT20-B83.5,between,83.99,83.0,,$83 to 83.99,finalized,2022-10-20 12:24:31,2022-10-20
1304,90,85,301,1666268673,0.0,15,10,9,,WTI-22OCT20-B84.5,between,84.99,84.0,,$84 to 84.99,finalized,2022-10-20 12:24:33,2022-10-20
1305,91,85,301,1666268673,0.0,15,9,9,,WTI-22OCT20-B84.5,between,84.99,84.0,,$84 to 84.99,finalized,2022-10-20 12:24:33,2022-10-20
1306,80,73,280,1666268673,0.0,27,20,27,,WTI-22OCT20-B85.5,between,85.99,85.0,,$85 to 85.99,finalized,2022-10-20 12:24:33,2022-10-20
1307,80,71,280,1666268673,0.0,29,20,27,,WTI-22OCT20-B85.5,between,85.99,85.0,,$85 to 85.99,finalized,2022-10-20 12:24:33,2022-10-20
1308,82,71,280,1666268673,0.0,29,18,27,,WTI-22OCT20-B85.5,between,85.99,85.0,,$85 to 85.99,finalized,2022-10-20 12:24:33,2022-10-20
1309,100,71,280,1666268673,0.0,29,0,27,,WTI-22OCT20-B85.5,between,85.99,85.0,,$85 to 85.99,finalized,2022-10-20 12:24:33,2022-10-20
1310,100,0,280,1666268673,0.0,100,0,27,,WTI-22OCT20-B85.5,between,85.99,85.0,,$85 to 85.99,finalized,2022-10-20 12:24:33,2022-10-20
1311,96,92,283,1666268673,0.0,8,4,8,,WTI-22OCT20-B88.5,between,88.99,88.0,,$88 to 88.99,finalized,2022-10-20 12:24:33,2022-10-20
1312,99,96,5,1666268674,0.0,4,1,4,,WTI-22OCT20-B82.5,between,82.99,82.0,,$82 to 82.99,finalized,2022-10-20 12:24:34,2022-10-20
1313,96,90,283,1666268674,0.0,10,4,8,,WTI-22OCT20-B88.5,between,88.99,88.0,,$88 to 88.99,finalized,2022-10-20 12:24:34,2022-10-20
1314,81,0,280,1666268676,0.0,100,19,27,,WTI-22OCT20-B85.5,between,85.99,85.0,,$85 to 85.99,finalized,2022-10-20 12:24:36,2022-10-20
1315,81,72,280,1666268676,0.0,28,19,27,,WTI-22OCT20-B85.5,between,85.99,85.0,,$85 to 85.99,finalized,2022-10-20 12:24:36,2022-10-20
1316,95,90,283,1666268676,0.0,10,5,8,,WTI-22OCT20-B88.5,between,88.99,88.0,,$88 to 88.99,finalized,2022-10-20 12:24:36,2022-10-20
1317,91,86,301,1666268677,0.0,14,9,9,,WTI-22OCT20-B84.5,between,84.99,84.0,,$84 to 84.99,finalized,2022-10-20 12:24:37,2022-10-20
1318,90,86,301,1666268677,550.0,14,10,9,,WTI-22OCT20-B84.5,between,84.99,84.0,,$84 to 84.99,finalized,2022-10-20 12:24:37,2022-10-20
1319,81,74,280,1666268677,0.0,26,19,27,,WTI-22OCT20-B85.5,between,85.99,85.0,,$85 to 85.99,finalized,2022-10-20 12:24:37,2022-10-20
1320,79,74,280,1666268677,0.0,26,21,27,,WTI-22OCT20-B85.5,between,85.99,85.0,,$85 to 85.99,finalized,2022-10-20 12:24:37,2022-10-20
1321,86,82,196,1666268677,0.0,18,14,19,,WTI-22OCT20-B87.5,between,87.99,87.0,,$87 to 87.99,finalized,2022-10-20 12:24:37,2022-10-20
1322,95,91,283,1666268677,0.0,9,5,8,,WTI-22OCT20-B88.5,between,88.99,88.0,,$88 to 88.99,finalized,2022-10-20 12:24:37,2022-10-20
1323,100,96,5,1666268752,0.0,4,0,4,,WTI-22OCT20-B82.5,between,82.99,82.0,,$82 to 82.99,finalized,2022-10-20 12:25:52,2022-10-20
1324,97,92,152,1666268754,0.0,8,3,4,,WTI-22OCT20-B83.5,between,83.99,83.0,,$83 to 83.99,finalized,2022-10-20 12:25:54,2022-10-20
1325,100,0,5,1666268814,0.0,100,0,4,,WTI-22OCT20-B82.5,between,82.99,82.0,,$82 to 82.99,finalized,2022-10-20 12:26:54,2022-10-20
1326,79,70,280,1666268814,0.0,30,21,27,,WTI-22OCT20-B85.5,between,85.99,85.0,,$85 to 85.99,finalized,2022-10-20 12:26:54,2022-10-20
1327,79,0,280,1666268814,0.0,100,21,27,,WTI-22OCT20-B85.5,between,85.99,85.0,,$85 to 85.99,finalized,2022-10-20 12:26:54,2022-10-20
1328,91,86,301,1666268874,0.0,14,9,9,,WTI-22OCT20-B84.5,between,84.99,84.0,,$84 to 84.99,finalized,2022-10-20 12:27:54,2022-10-20
1329,83,0,280,1666268874,0.0,100,17,27,,WTI-22OCT20-B85.5,between,85.99,85.0,,$85 to 85.99,finalized,2022-10-20 12:27:54,2022-10-20
1330,100,0,280,1666268874,0.0,100,0,27,,WTI-22OCT20-B85.5,between,85.99,85.0,,$85 to 85.99,finalized,2022-10-20 12:27:54,2022-10-20
1331,77,70,215,1666268874,0.0,30,23,23,,WTI-22OCT20-B86.5,between,86.99,86.0,,$86 to 86.99,finalized,2022-10-20 12:27:54,2022-10-20
1332,79,70,215,1666268874,0.0,30,21,23,,WTI-22OCT20-B86.5,between,86.99,86.0,,$86 to 86.99,finalized,2022-10-20 12:27:54,2022-10-20
1333,89,70,215,1666268874,0.0,30,11,23,,WTI-22OCT20-B86.5,between,86.99,86.0,,$86 to 86.99,finalized,2022-10-20 12:27:54,2022-10-20
1334,89,0,215,1666268874,0.0,100,11,23,,WTI-22OCT20-B86.5,between,86.99,86.0,,$86 to 86.99,finalized,2022-10-20 12:27:54,2022-10-20
1335,86,80,196,1666268874,0.0,20,14,19,,WTI-22OCT20-B87.5,between,87.99,87.0,,$87 to 87.99,finalized,2022-10-20 12:27:54,2022-10-20
1336,86,0,196,1666268874,0.0,100,14,19,,WTI-22OCT20-B87.5,between,87.99,87.0,,$87 to 87.99,finalized,2022-10-20 12:27:54,2022-10-20
1337,92,86,301,1666268877,0.0,14,8,9,,WTI-22OCT20-B84.5,between,84.99,84.0,,$84 to 84.99,finalized,2022-10-20 12:27:57,2022-10-20
1338,97,93,152,1666268933,0.0,7,3,4,,WTI-22OCT20-B83.5,between,83.99,83.0,,$83 to 83.99,finalized,2022-10-20 12:28:53,2022-10-20
1339,91,86,301,1666268933,0.0,14,9,9,,WTI-22OCT20-B84.5,between,84.99,84.0,,$84 to 84.99,finalized,2022-10-20 12:28:53,2022-10-20
1340,90,86,301,1666268933,0.0,14,10,9,,WTI-22OCT20-B84.5,between,84.99,84.0,,$84 to 84.99,finalized,2022-10-20 12:28:53,2022-10-20
1341,79,0,280,1666268933,0.0,100,21,27,,WTI-22OCT20-B85.5,between,85.99,85.0,,$85 to 85.99,finalized,2022-10-20 12:28:53,2022-10-20
1342,79,72,280,1666268933,0.0,28,21,27,,WTI-22OCT20-B85.5,between,85.99,85.0,,$85 to 85.99,finalized,2022-10-20 12:28:53,2022-10-20
1343,79,74,280,1666268933,0.0,26,21,27,,WTI-22OCT20-B85.5,between,85.99,85.0,,$85 to 85.99,finalized,2022-10-20 12:28:53,2022-10-20
1344,78,0,215,1666268933,0.0,100,22,23,,WTI-22OCT20-B86.5,between,86.99,86.0,,$86 to 86.99,finalized,2022-10-20 12:28:53,2022-10-20
1345,76,0,215,1666268933,0.0,100,24,23,,WTI-22OCT20-B86.5,between,86.99,86.0,,$86 to 86.99,finalized,2022-10-20 12:28:53,2022-10-20
1346,76,67,215,1666268933,0.0,33,24,23,,WTI-22OCT20-B86.5,between,86.99,86.0,,$86 to 86.99,finalized,2022-10-20 12:28:53,2022-10-20
1347,76,69,215,1666268933,0.0,31,24,23,,WTI-22OCT20-B86.5,between,86.99,86.0,,$86 to 86.99,finalized,2022-10-20 12:28:53,2022-10-20
1348,76,71,215,1666268933,0.0,29,24,23,,WTI-22OCT20-B86.5,between,86.99,86.0,,$86 to 86.99,finalized,2022-10-20 12:28:53,2022-10-20
1349,86,79,196,1666268982,0.0,21,14,19,,WTI-22OCT20-B87.5,between,87.99,87.0,,$87 to 87.99,finalized,2022-10-20 12:29:42,2022-10-20
1350,86,81,196,1666268982,0.0,19,14,19,,WTI-22OCT20-B87.5,between,87.99,87.0,,$87 to 87.99,finalized,2022-10-20 12:29:42,2022-10-20
1351,100,55,5,1666269016,0.0,45,0,4,,WTI-22OCT20-B82.5,between,82.99,82.0,,$82 to 82.99,finalized,2022-10-20 12:30:16,2022-10-20
1352,86,79,313,1666269107,117.0,21,14,19,,WTI-22OCT20-B87.5,between,87.99,87.0,,$87 to 87.99,finalized,2022-10-20 12:31:47,2022-10-20
1353,96,91,283,1666269166,0.0,9,4,8,,WTI-22OCT20-B88.5,between,88.99,88.0,,$88 to 88.99,finalized,2022-10-20 12:32:46,2022-10-20
1354,99,95,121,1666269166,0.0,5,1,5,,WTI-22OCT20-T82,less,81.99,,,$81.99 or lower,finalized,2022-10-20 12:32:46,2022-10-20
1355,99,94,121,1666269166,0.0,6,1,5,,WTI-22OCT20-T82,less,81.99,,,$81.99 or lower,finalized,2022-10-20 12:32:46,2022-10-20
1356,99,55,121,1666269166,0.0,45,1,5,,WTI-22OCT20-T82,less,81.99,,,$81.99 or lower,finalized,2022-10-20 12:32:46,2022-10-20
1357,100,95,410,1666269167,0.0,5,0,6,,WTI-22OCT20-B89.5,between,89.99,89.0,,$89 to 89.99,finalized,2022-10-20 12:32:47,2022-10-20
1358,91,86,301,1666269168,0.0,14,9,9,,WTI-22OCT20-B84.5,between,84.99,84.0,,$84 to 84.99,finalized,2022-10-20 12:32:48,2022-10-20
1359,97,94,152,1666269171,0.0,6,3,4,,WTI-22OCT20-B83.5,between,83.99,83.0,,$83 to 83.99,finalized,2022-10-20 12:32:51,2022-10-20
1360,91,87,301,1666269171,0.0,13,9,9,,WTI-22OCT20-B84.5,between,84.99,84.0,,$84 to 84.99,finalized,2022-10-20 12:32:51,2022-10-20
1361,86,81,313,1666269171,0.0,19,14,19,,WTI-22OCT20-B87.5,between,87.99,87.0,,$87 to 87.99,finalized,2022-10-20 12:32:51,2022-10-20
1362,85,81,313,1666269171,0.0,19,15,19,,WTI-22OCT20-B87.5,between,87.99,87.0,,$87 to 87.99,finalized,2022-10-20 12:32:51,2022-10-20
1363,95,91,283,1666269171,0.0,9,5,8,,WTI-22OCT20-B88.5,between,88.99,88.0,,$88 to 88.99,finalized,2022-10-20 12:32:51,2022-10-20
1364,98,95,410,1666269171,0.0,5,2,6,,WTI-22OCT20-B89.5,between,89.99,89.0,,$89 to 89.99,finalized,2022-10-20 12:32:51,2022-10-20
1365,99,95,121,1666269171,0.0,5,1,5,,WTI-22OCT20-T82,less,81.99,,,$81.99 or lower,finalized,2022-10-20 12:32:51,2022-10-20
1366,99,96,121,1666269171,0.0,4,1,5,,WTI-22OCT20-T82,less,81.99,,,$81.99 or lower,finalized,2022-10-20 12:32:51,2022-10-20
1367,95,90,422,1666269197,139.0,10,5,9,,WTI-22OCT20-B88.5,between,88.99,88.0,,$88 to 88.99,finalized,2022-10-20 12:33:17,2022-10-20
1368,79,75,280,1666269232,0.0,25,21,27,,WTI-22OCT20-B85.5,between,85.99,85.0,,$85 to 85.99,finalized,2022-10-20 12:33:52,2022-10-20
1369,85,55,313,1666269232,0.0,45,15,19,,WTI-22OCT20-B87.5,between,87.99,87.0,,$87 to 87.99,finalized,2022-10-20 12:33:52,2022-10-20
1370,85,76,313,1666269232,0.0,24,15,19,,WTI-22OCT20-B87.5,between,87.99,87.0,,$87 to 87.99,finalized,2022-10-20 12:33:52,2022-10-20
1371,85,78,313,1666269232,0.0,22,15,19,,WTI-22OCT20-B87.5,between,87.99,87.0,,$87 to 87.99,finalized,2022-10-20 12:33:52,2022-10-20
1372,85,80,313,1666269232,0.0,20,15,19,,WTI-22OCT20-B87.5,between,87.99,87.0,,$87 to 87.99,finalized,2022-10-20 12:33:52,2022-10-20
1373,99,95,410,1666269232,0.0,5,1,6,,WTI-22OCT20-B89.5,between,89.99,89.0,,$89 to 89.99,finalized,2022-10-20 12:33:52,2022-10-20
1374,85,76,313,1666269290,0.0,24,15,19,,WTI-22OCT20-B87.5,between,87.99,87.0,,$87 to 87.99,finalized,2022-10-20 12:34:50,2022-10-20
1375,85,55,313,1666269290,0.0,45,15,19,,WTI-22OCT20-B87.5,between,87.99,87.0,,$87 to 87.99,finalized,2022-10-20 12:34:50,2022-10-20
1376,92,87,301,1666269292,0.0,13,8,9,,WTI-22OCT20-B84.5,between,84.99,84.0,,$84 to 84.99,finalized,2022-10-20 12:34:52,2022-10-20
1377,79,73,280,1666269292,0.0,27,21,27,,WTI-22OCT20-B85.5,between,85.99,85.0,,$85 to 85.99,finalized,2022-10-20 12:34:52,2022-10-20
1378,79,71,280,1666269292,0.0,29,21,27,,WTI-22OCT20-B85.5,between,85.99,85.0,,$85 to 85.99,finalized,2022-10-20 12:34:52,2022-10-20
1379,81,71,280,1666269292,0.0,29,19,27,,WTI-22OCT20-B85.5,between,85.99,85.0,,$85 to 85.99,finalized,2022-10-20 12:34:52,2022-10-20
1380,81,55,280,1666269292,0.0,45,19,27,,WTI-22OCT20-B85.5,between,85.99,85.0,,$85 to 85.99,finalized,2022-10-20 12:34:52,2022-10-20
1381,78,71,215,1666269292,215.0,29,22,23,,WTI-22OCT20-B86.5,between,86.99,86.0,,$86 to 86.99,finalized,2022-10-20 12:34:52,2022-10-20
1382,81,72,280,1666269371,0.0,28,19,27,,WTI-22OCT20-B85.5,between,85.99,85.0,,$85 to 85.99,finalized,2022-10-20 12:36:11,2022-10-20
1383,81,76,280,1666269371,0.0,24,19,27,,WTI-22OCT20-B85.5,between,85.99,85.0,,$85 to 85.99,finalized,2022-10-20 12:36:11,2022-10-20
1384,85,75,313,1666269371,0.0,25,15,19,,WTI-22OCT20-B87.5,between,87.99,87.0,,$87 to 87.99,finalized,2022-10-20 12:36:11,2022-10-20
1385,85,77,313,1666269371,0.0,23,15,19,,WTI-22OCT20-B87.5,between,87.99,87.0,,$87 to 87.99,finalized,2022-10-20 12:36:11,2022-10-20
1386,85,79,313,1666269371,0.0,21,15,19,,WTI-22OCT20-B87.5,between,87.99,87.0,,$87 to 87.99,finalized,2022-10-20 12:36:11,2022-10-20
1387,94,90,422,1666269371,0.0,10,6,9,,WTI-22OCT20-B88.5,between,88.99,88.0,,$88 to 88.99,finalized,2022-10-20 12:36:11,2022-10-20
1388,98,95,410,1666269371,0.0,5,2,6,,WTI-22OCT20-B89.5,between,89.99,89.0,,$89 to 89.99,finalized,2022-10-20 12:36:11,2022-10-20
1389,92,88,301,1666269372,0.0,12,8,9,,WTI-22OCT20-B84.5,between,84.99,84.0,,$84 to 84.99,finalized,2022-10-20 12:36:12,2022-10-20
1390,76,71,215,1666269372,0.0,29,24,23,,WTI-22OCT20-B86.5,between,86.99,86.0,,$86 to 86.99,finalized,2022-10-20 12:36:12,2022-10-20
1391,83,79,313,1666269372,0.0,21,17,19,,WTI-22OCT20-B87.5,between,87.99,87.0,,$87 to 87.99,finalized,2022-10-20 12:36:12,2022-10-20
1392,98,95,476,1666269372,0.0,5,2,2,,WTI-22OCT20-T89.99,greater,,90.0,,$90 or higher,finalized,2022-10-20 12:36:12,2022-10-20
1393,81,74,296,1666269439,89.0,26,19,24,,WTI-22OCT20-B85.5,between,85.99,85.0,,$85 to 85.99,finalized,2022-10-20 12:37:19,2022-10-20
1394,92,87,346,1666269443,97.0,13,8,12,,WTI-22OCT20-B84.5,between,84.99,84.0,,$84 to 84.99,finalized,2022-10-20 12:37:23,2022-10-20
1395,97,93,152,1666269468,0.0,7,3,4,,WTI-22OCT20-B83.5,between,83.99,83.0,,$83 to 83.99,finalized,2022-10-20 12:37:48,2022-10-20
1396,85,79,313,1666269468,0.0,21,15,19,,WTI-22OCT20-B87.5,between,87.99,87.0,,$87 to 87.99,finalized,2022-10-20 12:37:48,2022-10-20
1397,99,95,410,1666269468,0.0,5,1,6,,WTI-22OCT20-B89.5,between,89.99,89.0,,$89 to 89.99,finalized,2022-10-20 12:37:48,2022-10-20
1398,99,95,476,1666269468,0.0,5,1,2,,WTI-22OCT20-T89.99,greater,,90.0,,$90 or higher,finalized,2022-10-20 12:37:48,2022-10-20
1399,91,87,346,1666269470,0.0,13,9,12,,WTI-22OCT20-B84.5,between,84.99,84.0,,$84 to 84.99,finalized,2022-10-20 12:37:50,2022-10-20
1400,79,74,296,1666269470,0.0,26,21,24,,WTI-22OCT20-B85.5,between,85.99,85.0,,$85 to 85.99,finalized,2022-10-20 12:37:50,2022-10-20
1401,94,91,422,1666269470,0.0,9,6,9,,WTI-22OCT20-B88.5,between,88.99,88.0,,$88 to 88.99,finalized,2022-10-20 12:37:50,2022-10-20
1402,85,81,313,1666269472,0.0,19,15,19,,WTI-22OCT20-B87.5,between,87.99,87.0,,$87 to 87.99,finalized,2022-10-20 12:37:52,2022-10-20
1403,92,87,346,1666269687,0.0,13,8,12,,WTI-22OCT20-B84.5,between,84.99,84.0,,$84 to 84.99,finalized,2022-10-20 12:41:27,2022-10-20
1404,92,85,346,1666269687,0.0,15,8,12,,WTI-22OCT20-B84.5,between,84.99,84.0,,$84 to 84.99,finalized,2022-10-20 12:41:27,2022-10-20
1405,100,85,346,1666269687,0.0,15,0,12,,WTI-22OCT20-B84.5,between,84.99,84.0,,$84 to 84.99,finalized,2022-10-20 12:41:27,2022-10-20
1406,85,79,313,1666269687,0.0,21,15,19,,WTI-22OCT20-B87.5,between,87.99,87.0,,$87 to 87.99,finalized,2022-10-20 12:41:27,2022-10-20
1407,87,79,313,1666269687,0.0,21,13,19,,WTI-22OCT20-B87.5,between,87.99,87.0,,$87 to 87.99,finalized,2022-10-20 12:41:27,2022-10-20
1408,100,79,313,1666269687,0.0,21,0,19,,WTI-22OCT20-B87.5,between,87.99,87.0,,$87 to 87.99,finalized,2022-10-20 12:41:27,2022-10-20
1409,95,91,422,1666269687,0.0,9,5,9,,WTI-22OCT20-B88.5,between,88.99,88.0,,$88 to 88.99,finalized,2022-10-20 12:41:27,2022-10-20
1410,95,90,422,1666269687,0.0,10,5,9,,WTI-22OCT20-B88.5,between,88.99,88.0,,$88 to 88.99,finalized,2022-10-20 12:41:27,2022-10-20
1411,100,95,476,1666269687,0.0,5,0,2,,WTI-22OCT20-T89.99,greater,,90.0,,$90 or higher,finalized,2022-10-20 12:41:27,2022-10-20
1412,100,55,476,1666269687,0.0,45,0,2,,WTI-22OCT20-T89.99,greater,,90.0,,$90 or higher,finalized,2022-10-20 12:41:27,2022-10-20
1413,100,55,313,1666269688,0.0,45,0,19,,WTI-22OCT20-B87.5,between,87.99,87.0,,$87 to 87.99,finalized,2022-10-20 12:41:28,2022-10-20
1414,96,90,422,1666269688,0.0,10,4,9,,WTI-22OCT20-B88.5,between,88.99,88.0,,$88 to 88.99,finalized,2022-10-20 12:41:28,2022-10-20
1415,100,55,346,1666269691,0.0,45,0,12,,WTI-22OCT20-B84.5,between,84.99,84.0,,$84 to 84.99,finalized,2022-10-20 12:41:31,2022-10-20
1416,79,72,296,1666269691,0.0,28,21,24,,WTI-22OCT20-B85.5,between,85.99,85.0,,$85 to 85.99,finalized,2022-10-20 12:41:31,2022-10-20
1417,79,55,296,1666269691,0.0,45,21,24,,WTI-22OCT20-B85.5,between,85.99,85.0,,$85 to 85.99,finalized,2022-10-20 12:41:31,2022-10-20
1418,81,55,296,1666269691,0.0,45,19,24,,WTI-22OCT20-B85.5,between,85.99,85.0,,$85 to 85.99,finalized,2022-10-20 12:41:31,2022-10-20
1419,83,55,296,1666269691,0.0,45,17,24,,WTI-22OCT20-B85.5,between,85.99,85.0,,$85 to 85.99,finalized,2022-10-20 12:41:31,2022-10-20
1420,100,55,296,1666269691,0.0,45,0,24,,WTI-22OCT20-B85.5,between,85.99,85.0,,$85 to 85.99,finalized,2022-10-20 12:41:31,2022-10-20
1421,76,69,215,1666269691,0.0,31,24,23,,WTI-22OCT20-B86.5,between,86.99,86.0,,$86 to 86.99,finalized,2022-10-20 12:41:31,2022-10-20
1422,89,69,215,1666269691,0.0,31,11,23,,WTI-22OCT20-B86.5,between,86.99,86.0,,$86 to 86.99,finalized,2022-10-20 12:41:31,2022-10-20
1423,89,67,215,1666269691,0.0,33,11,23,,WTI-22OCT20-B86.5,between,86.99,86.0,,$86 to 86.99,finalized,2022-10-20 12:41:31,2022-10-20
1424,89,55,215,1666269691,0.0,45,11,23,,WTI-22OCT20-B86.5,between,86.99,86.0,,$86 to 86.99,finalized,2022-10-20 12:41:31,2022-10-20
1425,96,55,422,1666269691,0.0,45,4,9,,WTI-22OCT20-B88.5,between,88.99,88.0,,$88 to 88.99,finalized,2022-10-20 12:41:31,2022-10-20
1426,97,91,152,1666269698,0.0,9,3,4,,WTI-22OCT20-B83.5,between,83.99,83.0,,$83 to 83.99,finalized,2022-10-20 12:41:38,2022-10-20
1427,97,55,152,1666269698,0.0,45,3,4,,WTI-22OCT20-B83.5,between,83.99,83.0,,$83 to 83.99,finalized,2022-10-20 12:41:38,2022-10-20
1428,98,55,152,1666269699,0.0,45,2,4,,WTI-22OCT20-B83.5,between,83.99,83.0,,$83 to 83.99,finalized,2022-10-20 12:41:39,2022-10-20
1429,100,55,152,1666269699,0.0,45,0,4,,WTI-22OCT20-B83.5,between,83.99,83.0,,$83 to 83.99,finalized,2022-10-20 12:41:39,2022-10-20
1430,100,95,410,1666269700,0.0,5,0,6,,WTI-22OCT20-B89.5,between,89.99,89.0,,$89 to 89.99,finalized,2022-10-20 12:41:40,2022-10-20
1431,100,96,121,1666269700,0.0,4,0,5,,WTI-22OCT20-T82,less,81.99,,,$81.99 or lower,finalized,2022-10-20 12:41:40,2022-10-20
1432,100,94,410,1666269701,0.0,6,0,6,,WTI-22OCT20-B89.5,between,89.99,89.0,,$89 to 89.99,finalized,2022-10-20 12:41:41,2022-10-20
1433,100,55,410,1666269701,0.0,45,0,6,,WTI-22OCT20-B89.5,between,89.99,89.0,,$89 to 89.99,finalized,2022-10-20 12:41:41,2022-10-20
1434,100,55,121,1666269701,0.0,45,0,5,,WTI-22OCT20-T82,less,81.99,,,$81.99 or lower,finalized,2022-10-20 12:41:41,2022-10-20
1435,99,55,5,1666269980,0.0,45,1,4,,WTI-22OCT20-B82.5,between,82.99,82.0,,$82 to 82.99,finalized,2022-10-20 12:46:20,2022-10-20
1436,99,94,5,1666269980,0.0,6,1,4,,WTI-22OCT20-B82.5,between,82.99,82.0,,$82 to 82.99,finalized,2022-10-20 12:46:20,2022-10-20
1437,99,95,5,1666269980,0.0,5,1,4,,WTI-22OCT20-B82.5,between,82.99,82.0,,$82 to 82.99,finalized,2022-10-20 12:46:20,2022-10-20
1438,99,96,5,1666269981,0.0,4,1,4,,WTI-22OCT20-B82.5,between,82.99,82.0,,$82 to 82.99,finalized,2022-10-20 12:46:21,2022-10-20
1439,90,55,313,1666269982,0.0,45,10,19,,WTI-22OCT20-B87.5,between,87.99,87.0,,$87 to 87.99,finalized,2022-10-20 12:46:22,2022-10-20
1440,89,55,313,1666269982,0.0,45,11,19,,WTI-22OCT20-B87.5,between,87.99,87.0,,$87 to 87.99,finalized,2022-10-20 12:46:22,2022-10-20
1441,88,55,313,1666269982,0.0,45,12,19,,WTI-22OCT20-B87.5,between,87.99,87.0,,$87 to 87.99,finalized,2022-10-20 12:46:22,2022-10-20
1442,96,91,422,1666269982,0.0,9,4,9,,WTI-22OCT20-B88.5,between,88.99,88.0,,$88 to 88.99,finalized,2022-10-20 12:46:22,2022-10-20
1443,100,96,476,1666269982,0.0,4,0,2,,WTI-22OCT20-T89.99,greater,,90.0,,$90 or higher,finalized,2022-10-20 12:46:22,2022-10-20
1444,96,92,422,1666269983,0.0,8,4,9,,WTI-22OCT20-B88.5,between,88.99,88.0,,$88 to 88.99,finalized,2022-10-20 12:46:23,2022-10-20
1445,99,96,476,1666269984,0.0,4,1,2,,WTI-22OCT20-T89.99,greater,,90.0,,$90 or higher,finalized,2022-10-20 12:46:24,2022-10-20
1446,100,92,152,1666269986,0.0,8,0,4,,WTI-22OCT20-B83.5,between,83.99,83.0,,$83 to 83.99,finalized,2022-10-20 12:46:26,2022-10-20
1447,98,92,152,1666269986,0.0,8,2,4,,WTI-22OCT20-B83.5,between,83.99,83.0,,$83 to 83.99,finalized,2022-10-20 12:46:26,2022-10-20
1448,96,92,152,1666269986,0.0,8,4,4,,WTI-22OCT20-B83.5,between,83.99,83.0,,$83 to 83.99,finalized,2022-10-20 12:46:26,2022-10-20
1449,80,55,296,1666269986,0.0,45,20,24,,WTI-22OCT20-B85.5,between,85.99,85.0,,$85 to 85.99,finalized,2022-10-20 12:46:26,2022-10-20
1450,88,84,313,1666269986,0.0,16,12,19,,WTI-22OCT20-B87.5,between,87.99,87.0,,$87 to 87.99,finalized,2022-10-20 12:46:26,2022-10-20
1451,100,95,410,1666269986,0.0,5,0,6,,WTI-22OCT20-B89.5,between,89.99,89.0,,$89 to 89.99,finalized,2022-10-20 12:46:26,2022-10-20
1452,99,95,410,1666269986,0.0,5,1,6,,WTI-22OCT20-B89.5,between,89.99,89.0,,$89 to 89.99,finalized,2022-10-20 12:46:26,2022-10-20
1453,100,94,121,1666269986,0.0,6,0,5,,WTI-22OCT20-T82,less,81.99,,,$81.99 or lower,finalized,2022-10-20 12:46:26,2022-10-20
1454,99,94,121,1666269986,0.0,6,1,5,,WTI-22OCT20-T82,less,81.99,,,$81.99 or lower,finalized,2022-10-20 12:46:26,2022-10-20
1455,99,96,121,1666269986,0.0,4,1,5,,WTI-22OCT20-T82,less,81.99,,,$81.99 or lower,finalized,2022-10-20 12:46:26,2022-10-20
1456,96,93,152,1666269987,0.0,7,4,4,,WTI-22OCT20-B83.5,between,83.99,83.0,,$83 to 83.99,finalized,2022-10-20 12:46:27,2022-10-20
1457,99,96,410,1666269987,0.0,4,1,6,,WTI-22OCT20-B89.5,between,89.99,89.0,,$89 to 89.99,finalized,2022-10-20 12:46:27,2022-10-20
1458,100,84,346,1666269988,0.0,16,0,12,,WTI-22OCT20-B84.5,between,84.99,84.0,,$84 to 84.99,finalized,2022-10-20 12:46:28,2022-10-20
1459,90,84,346,1666269988,0.0,16,10,12,,WTI-22OCT20-B84.5,between,84.99,84.0,,$84 to 84.99,finalized,2022-10-20 12:46:28,2022-10-20
1460,88,84,346,1666269988,0.0,16,12,12,,WTI-22OCT20-B84.5,between,84.99,84.0,,$84 to 84.99,finalized,2022-10-20 12:46:28,2022-10-20
1461,80,67,296,1666269988,0.0,33,20,24,,WTI-22OCT20-B85.5,between,85.99,85.0,,$85 to 85.99,finalized,2022-10-20 12:46:28,2022-10-20
1462,80,71,296,1666269988,0.0,29,20,24,,WTI-22OCT20-B85.5,between,85.99,85.0,,$85 to 85.99,finalized,2022-10-20 12:46:28,2022-10-20
1463,76,71,296,1666269988,0.0,29,24,24,,WTI-22OCT20-B85.5,between,85.99,85.0,,$85 to 85.99,finalized,2022-10-20 12:46:28,2022-10-20
1464,78,55,215,1666269988,0.0,45,22,23,,WTI-22OCT20-B86.5,between,86.99,86.0,,$86 to 86.99,finalized,2022-10-20 12:46:28,2022-10-20
1465,78,71,215,1666269988,0.0,29,22,23,,WTI-22OCT20-B86.5,between,86.99,86.0,,$86 to 86.99,finalized,2022-10-20 12:46:28,2022-10-20
1466,78,73,215,1666269988,0.0,27,22,23,,WTI-22OCT20-B86.5,between,86.99,86.0,,$86 to 86.99,finalized,2022-10-20 12:46:28,2022-10-20
1467,88,82,346,1666270041,0.0,18,12,12,,WTI-22OCT20-B84.5,between,84.99,84.0,,$84 to 84.99,finalized,2022-10-20 12:47:21,2022-10-20
1468,78,71,296,1666270041,0.0,29,22,24,,WTI-22OCT20-B85.5,between,85.99,85.0,,$85 to 85.99,finalized,2022-10-20 12:47:21,2022-10-20
1469,78,69,296,1666270041,0.0,31,22,24,,WTI-22OCT20-B85.5,between,85.99,85.0,,$85 to 85.99,finalized,2022-10-20 12:47:21,2022-10-20
1470,78,55,296,1666270041,0.0,45,22,24,,WTI-22OCT20-B85.5,between,85.99,85.0,,$85 to 85.99,finalized,2022-10-20 12:47:21,2022-10-20
1471,100,55,296,1666270041,0.0,45,0,24,,WTI-22OCT20-B85.5,between,85.99,85.0,,$85 to 85.99,finalized,2022-10-20 12:47:21,2022-10-20
1472,80,73,215,1666270041,0.0,27,20,23,,WTI-22OCT20-B86.5,between,86.99,86.0,,$86 to 86.99,finalized,2022-10-20 12:47:21,2022-10-20
1473,82,73,215,1666270041,0.0,27,18,23,,WTI-22OCT20-B86.5,between,86.99,86.0,,$86 to 86.99,finalized,2022-10-20 12:47:21,2022-10-20
1474,89,73,215,1666270041,0.0,27,11,23,,WTI-22OCT20-B86.5,between,86.99,86.0,,$86 to 86.99,finalized,2022-10-20 12:47:21,2022-10-20
1475,88,82,313,1666270041,0.0,18,12,19,,WTI-22OCT20-B87.5,between,87.99,87.0,,$87 to 87.99,finalized,2022-10-20 12:47:21,2022-10-20
1476,88,80,313,1666270041,0.0,20,12,19,,WTI-22OCT20-B87.5,between,87.99,87.0,,$87 to 87.99,finalized,2022-10-20 12:47:21,2022-10-20
1477,88,55,313,1666270041,0.0,45,12,19,,WTI-22OCT20-B87.5,between,87.99,87.0,,$87 to 87.99,finalized,2022-10-20 12:47:21,2022-10-20
1478,89,55,313,1666270041,313.0,45,11,19,,WTI-22OCT20-B87.5,between,87.99,87.0,,$87 to 87.99,finalized,2022-10-20 12:47:21,2022-10-20
1479,89,55,215,1666270042,0.0,45,11,23,,WTI-22OCT20-B86.5,between,86.99,86.0,,$86 to 86.99,finalized,2022-10-20 12:47:22,2022-10-20
1480,96,92,152,1666270043,0.0,8,4,4,,WTI-22OCT20-B83.5,between,83.99,83.0,,$83 to 83.99,finalized,2022-10-20 12:47:23,2022-10-20
1481,79,55,296,1666270047,0.0,45,21,24,,WTI-22OCT20-B85.5,between,85.99,85.0,,$85 to 85.99,finalized,2022-10-20 12:47:27,2022-10-20
1482,79,70,296,1666270047,0.0,30,21,24,,WTI-22OCT20-B85.5,between,85.99,85.0,,$85 to 85.99,finalized,2022-10-20 12:47:27,2022-10-20
1483,77,70,296,1666270047,0.0,30,23,24,,WTI-22OCT20-B85.5,between,85.99,85.0,,$85 to 85.99,finalized,2022-10-20 12:47:27,2022-10-20
1484,75,70,296,1666270047,0.0,30,25,24,,WTI-22OCT20-B85.5,between,85.99,85.0,,$85 to 85.99,finalized,2022-10-20 12:47:27,2022-10-20
1485,87,82,346,1666270049,0.0,18,13,12,,WTI-22OCT20-B84.5,between,84.99,84.0,,$84 to 84.99,finalized,2022-10-20 12:47:29,2022-10-20
1486,83,55,215,1666270049,0.0,45,17,23,,WTI-22OCT20-B86.5,between,86.99,86.0,,$86 to 86.99,finalized,2022-10-20 12:47:29,2022-10-20
1487,79,55,215,1666270049,0.0,45,21,23,,WTI-22OCT20-B86.5,between,86.99,86.0,,$86 to 86.99,finalized,2022-10-20 12:47:29,2022-10-20
1488,79,74,215,1666270049,0.0,26,21,23,,WTI-22OCT20-B86.5,between,86.99,86.0,,$86 to 86.99,finalized,2022-10-20 12:47:29,2022-10-20
1489,89,85,313,1666270049,0.0,15,11,19,,WTI-22OCT20-B87.5,between,87.99,87.0,,$87 to 87.99,finalized,2022-10-20 12:47:29,2022-10-20
1490,96,93,422,1666270049,0.0,7,4,9,,WTI-22OCT20-B88.5,between,88.99,88.0,,$88 to 88.99,finalized,2022-10-20 12:47:29,2022-10-20
1491,88,82,346,1666270099,0.0,18,12,12,,WTI-22OCT20-B84.5,between,84.99,84.0,,$84 to 84.99,finalized,2022-10-20 12:48:19,2022-10-20
1492,79,70,296,1666270099,0.0,30,21,24,,WTI-22OCT20-B85.5,between,85.99,85.0,,$85 to 85.99,finalized,2022-10-20 12:48:19,2022-10-20
1493,79,68,296,1666270099,0.0,32,21,24,,WTI-22OCT20-B85.5,between,85.99,85.0,,$85 to 85.99,finalized,2022-10-20 12:48:19,2022-10-20
1494,79,72,215,1666270099,0.0,28,21,23,,WTI-22OCT20-B86.5,between,86.99,86.0,,$86 to 86.99,finalized,2022-10-20 12:48:19,2022-10-20
1495,81,72,215,1666270099,0.0,28,19,23,,WTI-22OCT20-B86.5,between,86.99,86.0,,$86 to 86.99,finalized,2022-10-20 12:48:19,2022-10-20
1496,88,55,346,1666270100,0.0,45,12,12,,WTI-22OCT20-B84.5,between,84.99,84.0,,$84 to 84.99,finalized,2022-10-20 12:48:20,2022-10-20
1497,79,66,296,1666270100,0.0,34,21,24,,WTI-22OCT20-B85.5,between,85.99,85.0,,$85 to 85.99,finalized,2022-10-20 12:48:20,2022-10-20
1498,100,66,296,1666270100,0.0,34,0,24,,WTI-22OCT20-B85.5,between,85.99,85.0,,$85 to 85.99,finalized,2022-10-20 12:48:20,2022-10-20
1499,100,55,296,1666270100,0.0,45,0,24,,WTI-22OCT20-B85.5,between,85.99,85.0,,$85 to 85.99,finalized,2022-10-20 12:48:20,2022-10-20
1500,89,72,215,1666270100,0.0,28,11,23,,WTI-22OCT20-B86.5,between,86.99,86.0,,$86 to 86.99,finalized,2022-10-20 12:48:20,2022-10-20
1501,89,55,215,1666270100,0.0,45,11,23,,WTI-22OCT20-B86.5,between,86.99,86.0,,$86 to 86.99,finalized,2022-10-20 12:48:20,2022-10-20
1502,80,55,296,1666270103,0.0,45,20,24,,WTI-22OCT20-B85.5,between,85.99,85.0,,$85 to 85.99,finalized,2022-10-20 12:48:23,2022-10-20
1503,89,55,313,1666270104,0.0,45,11,19,,WTI-22OCT20-B87.5,between,87.99,87.0,,$87 to 87.99,finalized,2022-10-20 12:48:24,2022-10-20
1504,88,79,346,1666270105,0.0,21,12,12,,WTI-22OCT20-B84.5,between,84.99,84.0,,$84 to 84.99,finalized,2022-10-20 12:48:25,2022-10-20
1505,88,81,346,1666270105,0.0,19,12,12,,WTI-22OCT20-B84.5,between,84.99,84.0,,$84 to 84.99,finalized,2022-10-20 12:48:25,2022-10-20
1506,88,83,346,1666270105,0.0,17,12,12,,WTI-22OCT20-B84.5,between,84.99,84.0,,$84 to 84.99,finalized,2022-10-20 12:48:25,2022-10-20
1507,80,69,296,1666270105,0.0,31,20,24,,WTI-22OCT20-B85.5,between,85.99,85.0,,$85 to 85.99,finalized,2022-10-20 12:48:25,2022-10-20
1508,78,69,296,1666270105,0.0,31,22,24,,WTI-22OCT20-B85.5,between,85.99,85.0,,$85 to 85.99,finalized,2022-10-20 12:48:25,2022-10-20
1509,76,69,296,1666270105,0.0,31,24,24,,WTI-22OCT20-B85.5,between,85.99,85.0,,$85 to 85.99,finalized,2022-10-20 12:48:25,2022-10-20
1510,89,73,215,1666270105,0.0,27,11,23,,WTI-22OCT20-B86.5,between,86.99,86.0,,$86 to 86.99,finalized,2022-10-20 12:48:25,2022-10-20
1511,78,73,215,1666270105,0.0,27,22,23,,WTI-22OCT20-B86.5,between,86.99,86.0,,$86 to 86.99,finalized,2022-10-20 12:48:25,2022-10-20
1512,76,71,296,1666270106,0.0,29,24,24,,WTI-22OCT20-B85.5,between,85.99,85.0,,$85 to 85.99,finalized,2022-10-20 12:48:26,2022-10-20
1513,88,55,313,1666270107,0.0,45,12,19,,WTI-22OCT20-B87.5,between,87.99,87.0,,$87 to 87.99,finalized,2022-10-20 12:48:27,2022-10-20
1514,88,84,313,1666270107,0.0,16,12,19,,WTI-22OCT20-B87.5,between,87.99,87.0,,$87 to 87.99,finalized,2022-10-20 12:48:27,2022-10-20
1515,77,73,215,1666270115,0.0,27,23,23,,WTI-22OCT20-B86.5,between,86.99,86.0,,$86 to 86.99,finalized,2022-10-20 12:48:35,2022-10-20
1516,88,81,346,1666270156,0.0,19,12,12,,WTI-22OCT20-B84.5,between,84.99,84.0,,$84 to 84.99,finalized,2022-10-20 12:49:16,2022-10-20
1517,88,79,346,1666270156,0.0,21,12,12,,WTI-22OCT20-B84.5,between,84.99,84.0,,$84 to 84.99,finalized,2022-10-20 12:49:16,2022-10-20
1518,76,69,296,1666270156,0.0,31,24,24,,WTI-22OCT20-B85.5,between,85.99,85.0,,$85 to 85.99,finalized,2022-10-20 12:49:16,2022-10-20
1519,76,55,296,1666270156,0.0,45,24,24,,WTI-22OCT20-B85.5,between,85.99,85.0,,$85 to 85.99,finalized,2022-10-20 12:49:16,2022-10-20
1520,100,55,296,1666270156,0.0,45,0,24,,WTI-22OCT20-B85.5,between,85.99,85.0,,$85 to 85.99,finalized,2022-10-20 12:49:16,2022-10-20
1521,77,55,215,1666270156,0.0,45,23,23,,WTI-22OCT20-B86.5,between,86.99,86.0,,$86 to 86.99,finalized,2022-10-20 12:49:16,2022-10-20
1522,88,55,346,1666270157,0.0,45,12,12,,WTI-22OCT20-B84.5,between,84.99,84.0,,$84 to 84.99,finalized,2022-10-20 12:49:17,2022-10-20
1523,100,70,296,1666270158,0.0,30,0,24,,WTI-22OCT20-B85.5,between,85.99,85.0,,$85 to 85.99,finalized,2022-10-20 12:49:18,2022-10-20
1524,75,70,296,1666270158,0.0,30,25,24,,WTI-22OCT20-B85.5,between,85.99,85.0,,$85 to 85.99,finalized,2022-10-20 12:49:18,2022-10-20
1525,89,84,313,1666270158,0.0,16,11,19,,WTI-22OCT20-B87.5,between,87.99,87.0,,$87 to 87.99,finalized,2022-10-20 12:49:18,2022-10-20
1526,89,55,313,1666270159,0.0,45,11,19,,WTI-22OCT20-B87.5,between,87.99,87.0,,$87 to 87.99,finalized,2022-10-20 12:49:19,2022-10-20
1527,88,82,346,1666270160,0.0,18,12,12,,WTI-22OCT20-B84.5,between,84.99,84.0,,$84 to 84.99,finalized,2022-10-20 12:49:20,2022-10-20
1528,87,82,346,1666270160,0.0,18,13,12,,WTI-22OCT20-B84.5,between,84.99,84.0,,$84 to 84.99,finalized,2022-10-20 12:49:20,2022-10-20
1529,77,74,215,1666270160,0.0,26,23,23,,WTI-22OCT20-B86.5,between,86.99,86.0,,$86 to 86.99,finalized,2022-10-20 12:49:20,2022-10-20
1530,89,85,313,1666270160,0.0,15,11,19,,WTI-22OCT20-B87.5,between,87.99,87.0,,$87 to 87.99,finalized,2022-10-20 12:49:20,2022-10-20
1531,75,68,296,1666270277,0.0,32,25,24,,WTI-22OCT20-B85.5,between,85.99,85.0,,$85 to 85.99,finalized,2022-10-20 12:51:17,2022-10-20
1532,77,68,296,1666270277,0.0,32,23,24,,WTI-22OCT20-B85.5,between,85.99,85.0,,$85 to 85.99,finalized,2022-10-20 12:51:17,2022-10-20
1533,100,68,296,1666270277,0.0,32,0,24,,WTI-22OCT20-B85.5,between,85.99,85.0,,$85 to 85.99,finalized,2022-10-20 12:51:17,2022-10-20
1534,100,66,296,1666270277,0.0,34,0,24,,WTI-22OCT20-B85.5,between,85.99,85.0,,$85 to 85.99,finalized,2022-10-20 12:51:17,2022-10-20
1535,100,55,296,1666270277,0.0,45,0,24,,WTI-22OCT20-B85.5,between,85.99,85.0,,$85 to 85.99,finalized,2022-10-20 12:51:17,2022-10-20
1536,77,72,215,1666270277,0.0,28,23,23,,WTI-22OCT20-B86.5,between,86.99,86.0,,$86 to 86.99,finalized,2022-10-20 12:51:17,2022-10-20
1537,77,55,215,1666270278,0.0,45,23,23,,WTI-22OCT20-B86.5,between,86.99,86.0,,$86 to 86.99,finalized,2022-10-20 12:51:18,2022-10-20
1538,90,85,313,1666270279,0.0,15,10,19,,WTI-22OCT20-B87.5,between,87.99,87.0,,$87 to 87.99,finalized,2022-10-20 12:51:19,2022-10-20
1539,90,81,313,1666270279,0.0,19,10,19,,WTI-22OCT20-B87.5,between,87.99,87.0,,$87 to 87.99,finalized,2022-10-20 12:51:19,2022-10-20
1540,96,92,422,1666270279,0.0,8,4,9,,WTI-22OCT20-B88.5,between,88.99,88.0,,$88 to 88.99,finalized,2022-10-20 12:51:19,2022-10-20
1541,100,96,410,1666270279,0.0,4,0,6,,WTI-22OCT20-B89.5,between,89.99,89.0,,$89 to 89.99,finalized,2022-10-20 12:51:19,2022-10-20
1542,100,95,410,1666270279,0.0,5,0,6,,WTI-22OCT20-B89.5,between,89.99,89.0,,$89 to 89.99,finalized,2022-10-20 12:51:19,2022-10-20
1543,99,95,476,1666270279,0.0,5,1,2,,WTI-22OCT20-T89.99,greater,,90.0,,$90 or higher,finalized,2022-10-20 12:51:19,2022-10-20
1544,87,55,346,1666270280,0.0,45,13,12,,WTI-22OCT20-B84.5,between,84.99,84.0,,$84 to 84.99,finalized,2022-10-20 12:51:20,2022-10-20
1545,90,55,313,1666270280,0.0,45,10,19,,WTI-22OCT20-B87.5,between,87.99,87.0,,$87 to 87.99,finalized,2022-10-20 12:51:20,2022-10-20
1546,100,96,5,1666270281,0.0,4,0,4,,WTI-22OCT20-B82.5,between,82.99,82.0,,$82 to 82.99,finalized,2022-10-20 12:51:21,2022-10-20
1547,96,91,152,1666270281,0.0,9,4,4,,WTI-22OCT20-B83.5,between,83.99,83.0,,$83 to 83.99,finalized,2022-10-20 12:51:21,2022-10-20
1548,100,69,296,1666270281,0.0,31,0,24,,WTI-22OCT20-B85.5,between,85.99,85.0,,$85 to 85.99,finalized,2022-10-20 12:51:21,2022-10-20
1549,78,69,296,1666270281,0.0,31,22,24,,WTI-22OCT20-B85.5,between,85.99,85.0,,$85 to 85.99,finalized,2022-10-20 12:51:21,2022-10-20
1550,76,69,296,1666270281,0.0,31,24,24,,WTI-22OCT20-B85.5,between,85.99,85.0,,$85 to 85.99,finalized,2022-10-20 12:51:21,2022-10-20
1551,74,69,296,1666270281,0.0,31,26,24,,WTI-22OCT20-B85.5,between,85.99,85.0,,$85 to 85.99,finalized,2022-10-20 12:51:21,2022-10-20
1552,100,96,121,1666270281,0.0,4,0,5,,WTI-22OCT20-T82,less,81.99,,,$81.99 or lower,finalized,2022-10-20 12:51:21,2022-10-20
1553,86,55,346,1666270283,0.0,45,14,12,,WTI-22OCT20-B84.5,between,84.99,84.0,,$84 to 84.99,finalized,2022-10-20 12:51:23,2022-10-20
1554,86,77,346,1666270283,0.0,23,14,12,,WTI-22OCT20-B84.5,between,84.99,84.0,,$84 to 84.99,finalized,2022-10-20 12:51:23,2022-10-20
1555,86,79,346,1666270283,0.0,21,14,12,,WTI-22OCT20-B84.5,between,84.99,84.0,,$84 to 84.99,finalized,2022-10-20 12:51:23,2022-10-20
1556,86,81,346,1666270283,0.0,19,14,12,,WTI-22OCT20-B84.5,between,84.99,84.0,,$84 to 84.99,finalized,2022-10-20 12:51:23,2022-10-20
1557,77,75,215,1666270283,0.0,25,23,23,,WTI-22OCT20-B86.5,between,86.99,86.0,,$86 to 86.99,finalized,2022-10-20 12:51:23,2022-10-20
1558,96,93,422,1666270283,0.0,7,4,9,,WTI-22OCT20-B88.5,between,88.99,88.0,,$88 to 88.99,finalized,2022-10-20 12:51:23,2022-10-20
1559,99,96,5,1666270285,0.0,4,1,4,,WTI-22OCT20-B82.5,between,82.99,82.0,,$82 to 82.99,finalized,2022-10-20 12:51:25,2022-10-20
1560,95,91,152,1666270285,0.0,9,5,4,,WTI-22OCT20-B83.5,between,83.99,83.0,,$83 to 83.99,finalized,2022-10-20 12:51:25,2022-10-20
1561,90,84,313,1666270285,0.0,16,10,19,,WTI-22OCT20-B87.5,between,87.99,87.0,,$87 to 87.99,finalized,2022-10-20 12:51:25,2022-10-20
1562,90,86,313,1666270285,0.0,14,10,19,,WTI-22OCT20-B87.5,between,87.99,87.0,,$87 to 87.99,finalized,2022-10-20 12:51:25,2022-10-20
1563,100,96,410,1666270285,0.0,4,0,6,,WTI-22OCT20-B89.5,between,89.99,89.0,,$89 to 89.99,finalized,2022-10-20 12:51:25,2022-10-20
1564,99,96,121,1666270285,0.0,4,1,5,,WTI-22OCT20-T82,less,81.99,,,$81.99 or lower,finalized,2022-10-20 12:51:25,2022-10-20
1565,99,96,476,1666270285,0.0,4,1,2,,WTI-22OCT20-T89.99,greater,,90.0,,$90 or higher,finalized,2022-10-20 12:51:25,2022-10-20
1566,99,95,106,1666270301,101.0,5,1,4,,WTI-22OCT20-B82.5,between,82.99,82.0,,$82 to 82.99,finalized,2022-10-20 12:51:41,2022-10-20
1567,95,90,305,1666270307,153.0,10,5,9,,WTI-22OCT20-B83.5,between,83.99,83.0,,$83 to 83.99,finalized,2022-10-20 12:51:47,2022-10-20
1568,100,94,410,1666270337,0.0,6,0,6,,WTI-22OCT20-B89.5,between,89.99,89.0,,$89 to 89.99,finalized,2022-10-20 12:52:17,2022-10-20
1569,100,55,410,1666270338,0.0,45,0,6,,WTI-22OCT20-B89.5,between,89.99,89.0,,$89 to 89.99,finalized,2022-10-20 12:52:18,2022-10-20
1570,96,90,305,1666270402,0.0,10,4,9,,WTI-22OCT20-B83.5,between,83.99,83.0,,$83 to 83.99,finalized,2022-10-20 12:53:22,2022-10-20
1571,87,81,346,1666270403,0.0,19,13,12,,WTI-22OCT20-B84.5,between,84.99,84.0,,$84 to 84.99,finalized,2022-10-20 12:53:23,2022-10-20
1572,76,69,296,1666270403,0.0,31,24,24,,WTI-22OCT20-B85.5,between,85.99,85.0,,$85 to 85.99,finalized,2022-10-20 12:53:23,2022-10-20
1573,100,69,296,1666270403,0.0,31,0,24,,WTI-22OCT20-B85.5,between,85.99,85.0,,$85 to 85.99,finalized,2022-10-20 12:53:23,2022-10-20
1574,77,73,215,1666270403,0.0,27,23,23,,WTI-22OCT20-B86.5,between,86.99,86.0,,$86 to 86.99,finalized,2022-10-20 12:53:23,2022-10-20
1575,77,71,215,1666270403,0.0,29,23,23,,WTI-22OCT20-B86.5,between,86.99,86.0,,$86 to 86.99,finalized,2022-10-20 12:53:23,2022-10-20
1576,100,55,296,1666270404,0.0,45,0,24,,WTI-22OCT20-B85.5,between,85.99,85.0,,$85 to 85.99,finalized,2022-10-20 12:53:24,2022-10-20
1577,77,55,215,1666270404,0.0,45,23,23,,WTI-22OCT20-B86.5,between,86.99,86.0,,$86 to 86.99,finalized,2022-10-20 12:53:24,2022-10-20
1578,90,82,313,1666270405,0.0,18,10,19,,WTI-22OCT20-B87.5,between,87.99,87.0,,$87 to 87.99,finalized,2022-10-20 12:53:25,2022-10-20
1579,90,55,313,1666270405,0.0,45,10,19,,WTI-22OCT20-B87.5,between,87.99,87.0,,$87 to 87.99,finalized,2022-10-20 12:53:25,2022-10-20
1580,99,96,106,1666270407,0.0,4,1,4,,WTI-22OCT20-B82.5,between,82.99,82.0,,$82 to 82.99,finalized,2022-10-20 12:53:27,2022-10-20
1581,96,91,305,1666270407,0.0,9,4,9,,WTI-22OCT20-B83.5,between,83.99,83.0,,$83 to 83.99,finalized,2022-10-20 12:53:27,2022-10-20
1582,96,92,305,1666270407,0.0,8,4,9,,WTI-22OCT20-B83.5,between,83.99,83.0,,$83 to 83.99,finalized,2022-10-20 12:53:27,2022-10-20
1583,77,55,296,1666270407,0.0,45,23,24,,WTI-22OCT20-B85.5,between,85.99,85.0,,$85 to 85.99,finalized,2022-10-20 12:53:27,2022-10-20
1584,77,70,296,1666270407,0.0,30,23,24,,WTI-22OCT20-B85.5,between,85.99,85.0,,$85 to 85.99,finalized,2022-10-20 12:53:27,2022-10-20
1585,75,70,296,1666270407,0.0,30,25,24,,WTI-22OCT20-B85.5,between,85.99,85.0,,$85 to 85.99,finalized,2022-10-20 12:53:27,2022-10-20
1586,87,83,346,1666270409,0.0,17,13,12,,WTI-22OCT20-B84.5,between,84.99,84.0,,$84 to 84.99,finalized,2022-10-20 12:53:29,2022-10-20
1587,77,70,215,1666270409,0.0,30,23,23,,WTI-22OCT20-B86.5,between,86.99,86.0,,$86 to 86.99,finalized,2022-10-20 12:53:29,2022-10-20
1588,77,74,215,1666270409,0.0,26,23,23,,WTI-22OCT20-B86.5,between,86.99,86.0,,$86 to 86.99,finalized,2022-10-20 12:53:29,2022-10-20
1589,89,55,313,1666270409,0.0,45,11,19,,WTI-22OCT20-B87.5,between,87.99,87.0,,$87 to 87.99,finalized,2022-10-20 12:53:29,2022-10-20
1590,89,83,313,1666270409,0.0,17,11,19,,WTI-22OCT20-B87.5,between,87.99,87.0,,$87 to 87.99,finalized,2022-10-20 12:53:29,2022-10-20
1591,89,85,313,1666270409,0.0,15,11,19,,WTI-22OCT20-B87.5,between,87.99,87.0,,$87 to 87.99,finalized,2022-10-20 12:53:29,2022-10-20
1592,87,81,346,1666270448,94.0,19,13,17,,WTI-22OCT20-B84.5,between,84.99,84.0,,$84 to 84.99,finalized,2022-10-20 12:54:08,2022-10-20
1593,78,74,247,1666270451,32.0,26,22,23,,WTI-22OCT20-B86.5,between,86.99,86.0,,$86 to 86.99,finalized,2022-10-20 12:54:11,2022-10-20
1594,90,85,172,1666270458,141.0,15,10,11,,WTI-22OCT20-B87.5,between,87.99,87.0,,$87 to 87.99,finalized,2022-10-20 12:54:18,2022-10-20
1595,96,92,305,1666270460,99.0,8,4,8,,WTI-22OCT20-B83.5,between,83.99,83.0,,$83 to 83.99,finalized,2022-10-20 12:54:20,2022-10-20
1596,96,91,305,1666270463,0.0,9,4,8,,WTI-22OCT20-B83.5,between,83.99,83.0,,$83 to 83.99,finalized,2022-10-20 12:54:23,2022-10-20
1597,78,72,247,1666270463,0.0,28,22,23,,WTI-22OCT20-B86.5,between,86.99,86.0,,$86 to 86.99,finalized,2022-10-20 12:54:23,2022-10-20
1598,80,72,247,1666270463,0.0,28,20,23,,WTI-22OCT20-B86.5,between,86.99,86.0,,$86 to 86.99,finalized,2022-10-20 12:54:23,2022-10-20
1599,89,72,247,1666270463,0.0,28,11,23,,WTI-22OCT20-B86.5,between,86.99,86.0,,$86 to 86.99,finalized,2022-10-20 12:54:23,2022-10-20
1600,87,55,346,1666270465,0.0,45,13,17,,WTI-22OCT20-B84.5,between,84.99,84.0,,$84 to 84.99,finalized,2022-10-20 12:54:25,2022-10-20
1601,89,55,247,1666270465,0.0,45,11,23,,WTI-22OCT20-B86.5,between,86.99,86.0,,$86 to 86.99,finalized,2022-10-20 12:54:25,2022-10-20
1602,99,55,410,1666270467,0.0,45,1,6,,WTI-22OCT20-B89.5,between,89.99,89.0,,$89 to 89.99,finalized,2022-10-20 12:54:27,2022-10-20
1603,95,91,305,1666270469,0.0,9,5,8,,WTI-22OCT20-B83.5,between,83.99,83.0,,$83 to 83.99,finalized,2022-10-20 12:54:29,2022-10-20
1604,87,80,346,1666270469,0.0,20,13,17,,WTI-22OCT20-B84.5,between,84.99,84.0,,$84 to 84.99,finalized,2022-10-20 12:54:29,2022-10-20
1605,86,80,346,1666270469,0.0,20,14,17,,WTI-22OCT20-B84.5,between,84.99,84.0,,$84 to 84.99,finalized,2022-10-20 12:54:29,2022-10-20
1606,86,82,346,1666270469,0.0,18,14,17,,WTI-22OCT20-B84.5,between,84.99,84.0,,$84 to 84.99,finalized,2022-10-20 12:54:29,2022-10-20
1607,89,75,247,1666270469,0.0,25,11,23,,WTI-22OCT20-B86.5,between,86.99,86.0,,$86 to 86.99,finalized,2022-10-20 12:54:29,2022-10-20
1608,81,75,247,1666270469,0.0,25,19,23,,WTI-22OCT20-B86.5,between,86.99,86.0,,$86 to 86.99,finalized,2022-10-20 12:54:29,2022-10-20
1609,79,75,247,1666270469,0.0,25,21,23,,WTI-22OCT20-B86.5,between,86.99,86.0,,$86 to 86.99,finalized,2022-10-20 12:54:29,2022-10-20
1610,90,86,172,1666270469,0.0,14,10,11,,WTI-22OCT20-B87.5,between,87.99,87.0,,$87 to 87.99,finalized,2022-10-20 12:54:29,2022-10-20
1611,99,96,410,1666270469,0.0,4,1,6,,WTI-22OCT20-B89.5,between,89.99,89.0,,$89 to 89.99,finalized,2022-10-20 12:54:29,2022-10-20
1612,90,86,122,1666270495,50.0,14,10,10,,WTI-22OCT20-B87.5,between,87.99,87.0,,$87 to 87.99,finalized,2022-10-20 12:54:55,2022-10-20
1613,95,90,453,1666270499,148.0,10,5,9,,WTI-22OCT20-B83.5,between,83.99,83.0,,$83 to 83.99,finalized,2022-10-20 12:54:59,2022-10-20
1614,81,75,311,1666270506,64.0,25,19,21,,WTI-22OCT20-B86.5,between,86.99,86.0,,$86 to 86.99,finalized,2022-10-20 12:55:06,2022-10-20
1615,86,80,346,1666270509,78.0,20,14,18,,WTI-22OCT20-B84.5,between,84.99,84.0,,$84 to 84.99,finalized,2022-10-20 12:55:09,2022-10-20
1616,100,96,106,1666270541,0.0,4,0,4,,WTI-22OCT20-B82.5,between,82.99,82.0,,$82 to 82.99,finalized,2022-10-20 12:55:41,2022-10-20
1617,75,55,296,1666270541,0.0,45,25,24,,WTI-22OCT20-B85.5,between,85.99,85.0,,$85 to 85.99,finalized,2022-10-20 12:55:41,2022-10-20
1618,79,55,296,1666270541,0.0,45,21,24,,WTI-22OCT20-B85.5,between,85.99,85.0,,$85 to 85.99,finalized,2022-10-20 12:55:41,2022-10-20
1619,100,96,410,1666270541,0.0,4,0,6,,WTI-22OCT20-B89.5,between,89.99,89.0,,$89 to 89.99,finalized,2022-10-20 12:55:41,2022-10-20
1620,100,55,296,1666270542,0.0,45,0,24,,WTI-22OCT20-B85.5,between,85.99,85.0,,$85 to 85.99,finalized,2022-10-20 12:55:42,2022-10-20
1621,99,96,106,1666270543,0.0,4,1,4,,WTI-22OCT20-B82.5,between,82.99,82.0,,$82 to 82.99,finalized,2022-10-20 12:55:43,2022-10-20
1622,94,90,453,1666270543,0.0,10,6,9,,WTI-22OCT20-B83.5,between,83.99,83.0,,$83 to 83.99,finalized,2022-10-20 12:55:43,2022-10-20
1623,86,55,346,1666270543,0.0,45,14,18,,WTI-22OCT20-B84.5,between,84.99,84.0,,$84 to 84.99,finalized,2022-10-20 12:55:43,2022-10-20
1624,89,75,311,1666270543,0.0,25,11,21,,WTI-22OCT20-B86.5,between,86.99,86.0,,$86 to 86.99,finalized,2022-10-20 12:55:43,2022-10-20
1625,92,86,122,1666270543,0.0,14,8,10,,WTI-22OCT20-B87.5,between,87.99,87.0,,$87 to 87.99,finalized,2022-10-20 12:55:43,2022-10-20
1626,96,92,422,1666270543,0.0,8,4,9,,WTI-22OCT20-B88.5,between,88.99,88.0,,$88 to 88.99,finalized,2022-10-20 12:55:43,2022-10-20
1627,86,81,346,1666270545,0.0,19,14,18,,WTI-22OCT20-B84.5,between,84.99,84.0,,$84 to 84.99,finalized,2022-10-20 12:55:45,2022-10-20
1628,100,69,296,1666270545,0.0,31,0,24,,WTI-22OCT20-B85.5,between,85.99,85.0,,$85 to 85.99,finalized,2022-10-20 12:55:45,2022-10-20
1629,74,69,296,1666270545,576.0,31,26,24,,WTI-22OCT20-B85.5,between,85.99,85.0,,$85 to 85.99,finalized,2022-10-20 12:55:45,2022-10-20
1630,82,75,311,1666270545,0.0,25,18,21,,WTI-22OCT20-B86.5,between,86.99,86.0,,$86 to 86.99,finalized,2022-10-20 12:55:45,2022-10-20
1631,80,75,311,1666270545,0.0,25,20,21,,WTI-22OCT20-B86.5,between,86.99,86.0,,$86 to 86.99,finalized,2022-10-20 12:55:45,2022-10-20
1632,92,88,122,1666270545,0.0,12,8,10,,WTI-22OCT20-B87.5,between,87.99,87.0,,$87 to 87.99,finalized,2022-10-20 12:55:45,2022-10-20
1633,96,93,422,1666270545,0.0,7,4,9,,WTI-22OCT20-B88.5,between,88.99,88.0,,$88 to 88.99,finalized,2022-10-20 12:55:45,2022-10-20
1634,99,95,106,1666270602,0.0,5,1,4,,WTI-22OCT20-B82.5,between,82.99,82.0,,$82 to 82.99,finalized,2022-10-20 12:56:42,2022-10-20
1635,86,79,346,1666270602,0.0,21,14,18,,WTI-22OCT20-B84.5,between,84.99,84.0,,$84 to 84.99,finalized,2022-10-20 12:56:42,2022-10-20
1636,82,75,311,1666270602,0.0,25,18,21,,WTI-22OCT20-B86.5,between,86.99,86.0,,$86 to 86.99,finalized,2022-10-20 12:56:42,2022-10-20
1637,100,95,410,1666270602,0.0,5,0,6,,WTI-22OCT20-B89.5,between,89.99,89.0,,$89 to 89.99,finalized,2022-10-20 12:56:42,2022-10-20
1638,100,55,410,1666270602,0.0,45,0,6,,WTI-22OCT20-B89.5,between,89.99,89.0,,$89 to 89.99,finalized,2022-10-20 12:56:42,2022-10-20
1639,100,96,476,1666270602,0.0,4,0,2,,WTI-22OCT20-T89.99,greater,,90.0,,$90 or higher,finalized,2022-10-20 12:56:42,2022-10-20
1640,99,94,106,1666270603,0.0,6,1,4,,WTI-22OCT20-B82.5,between,82.99,82.0,,$82 to 82.99,finalized,2022-10-20 12:56:43,2022-10-20
1641,99,95,106,1666270604,0.0,5,1,4,,WTI-22OCT20-B82.5,between,82.99,82.0,,$82 to 82.99,finalized,2022-10-20 12:56:44,2022-10-20
1642,100,96,121,1666270604,0.0,4,0,5,,WTI-22OCT20-T82,less,81.99,,,$81.99 or lower,finalized,2022-10-20 12:56:44,2022-10-20
1643,100,95,121,1666270604,0.0,5,0,5,,WTI-22OCT20-T82,less,81.99,,,$81.99 or lower,finalized,2022-10-20 12:56:44,2022-10-20
1644,83,79,346,1666270606,0.0,21,17,18,,WTI-22OCT20-B84.5,between,84.99,84.0,,$84 to 84.99,finalized,2022-10-20 12:56:46,2022-10-20
1645,82,77,311,1666270606,0.0,23,18,21,,WTI-22OCT20-B86.5,between,86.99,86.0,,$86 to 86.99,finalized,2022-10-20 12:56:46,2022-10-20
1646,96,94,422,1666270606,0.0,6,4,9,,WTI-22OCT20-B88.5,between,88.99,88.0,,$88 to 88.99,finalized,2022-10-20 12:56:46,2022-10-20
1647,99,95,121,1666270606,0.0,5,1,5,,WTI-22OCT20-T82,less,81.99,,,$81.99 or lower,finalized,2022-10-20 12:56:46,2022-10-20
1648,94,89,453,1666270661,0.0,11,6,9,,WTI-22OCT20-B83.5,between,83.99,83.0,,$83 to 83.99,finalized,2022-10-20 12:57:41,2022-10-20
1649,85,79,346,1666270661,0.0,21,15,18,,WTI-22OCT20-B84.5,between,84.99,84.0,,$84 to 84.99,finalized,2022-10-20 12:57:41,2022-10-20
1650,85,77,346,1666270661,0.0,23,15,18,,WTI-22OCT20-B84.5,between,84.99,84.0,,$84 to 84.99,finalized,2022-10-20 12:57:41,2022-10-20
1651,86,77,346,1666270661,0.0,23,14,18,,WTI-22OCT20-B84.5,between,84.99,84.0,,$84 to 84.99,finalized,2022-10-20 12:57:41,2022-10-20
1652,74,67,296,1666270661,0.0,33,26,24,,WTI-22OCT20-B85.5,between,85.99,85.0,,$85 to 85.99,finalized,2022-10-20 12:57:41,2022-10-20
1653,84,77,311,1666270661,0.0,23,16,21,,WTI-22OCT20-B86.5,between,86.99,86.0,,$86 to 86.99,finalized,2022-10-20 12:57:41,2022-10-20
1654,86,77,311,1666270661,0.0,23,14,21,,WTI-22OCT20-B86.5,between,86.99,86.0,,$86 to 86.99,finalized,2022-10-20 12:57:41,2022-10-20
1655,100,55,476,1666270662,0.0,45,0,2,,WTI-22OCT20-T89.99,greater,,90.0,,$90 or higher,finalized,2022-10-20 12:57:42,2022-10-20
1656,74,55,296,1666270663,0.0,45,26,24,,WTI-22OCT20-B85.5,between,85.99,85.0,,$85 to 85.99,finalized,2022-10-20 12:57:43,2022-10-20
1657,93,88,122,1666270663,0.0,12,7,10,,WTI-22OCT20-B87.5,between,87.99,87.0,,$87 to 87.99,finalized,2022-10-20 12:57:43,2022-10-20
1658,98,95,106,1666270664,0.0,5,2,4,,WTI-22OCT20-B82.5,between,82.99,82.0,,$82 to 82.99,finalized,2022-10-20 12:57:44,2022-10-20
1659,92,89,453,1666270664,0.0,11,8,9,,WTI-22OCT20-B83.5,between,83.99,83.0,,$83 to 83.99,finalized,2022-10-20 12:57:44,2022-10-20
1660,82,77,346,1666270664,0.0,23,18,18,,WTI-22OCT20-B84.5,between,84.99,84.0,,$84 to 84.99,finalized,2022-10-20 12:57:44,2022-10-20
1661,74,66,296,1666270664,0.0,34,26,24,,WTI-22OCT20-B85.5,between,85.99,85.0,,$85 to 85.99,finalized,2022-10-20 12:57:44,2022-10-20
1662,74,68,296,1666270664,0.0,32,26,24,,WTI-22OCT20-B85.5,between,85.99,85.0,,$85 to 85.99,finalized,2022-10-20 12:57:44,2022-10-20
1663,86,79,311,1666270664,0.0,21,14,21,,WTI-22OCT20-B86.5,between,86.99,86.0,,$86 to 86.99,finalized,2022-10-20 12:57:44,2022-10-20
1664,85,79,311,1666270664,0.0,21,15,21,,WTI-22OCT20-B86.5,between,86.99,86.0,,$86 to 86.99,finalized,2022-10-20 12:57:44,2022-10-20
1665,83,79,311,1666270665,0.0,21,17,21,,WTI-22OCT20-B86.5,between,86.99,86.0,,$86 to 86.99,finalized,2022-10-20 12:57:45,2022-10-20
1666,93,89,122,1666270665,0.0,11,7,10,,WTI-22OCT20-B87.5,between,87.99,87.0,,$87 to 87.99,finalized,2022-10-20 12:57:45,2022-10-20
1667,96,95,422,1666270665,0.0,5,4,9,,WTI-22OCT20-B88.5,between,88.99,88.0,,$88 to 88.99,finalized,2022-10-20 12:57:45,2022-10-20
1668,93,89,453,1666270718,0.0,11,7,9,,WTI-22OCT20-B83.5,between,83.99,83.0,,$83 to 83.99,finalized,2022-10-20 12:58:38,2022-10-20
1669,84,77,346,1666270718,0.0,23,16,18,,WTI-22OCT20-B84.5,between,84.99,84.0,,$84 to 84.99,finalized,2022-10-20 12:58:38,2022-10-20
1670,100,77,346,1666270718,0.0,23,0,18,,WTI-22OCT20-B84.5,between,84.99,84.0,,$84 to 84.99,finalized,2022-10-20 12:58:38,2022-10-20
1671,100,95,121,1666270718,0.0,5,0,5,,WTI-22OCT20-T82,less,81.99,,,$81.99 or lower,finalized,2022-10-20 12:58:38,2022-10-20
1672,85,77,346,1666270720,0.0,23,15,18,,WTI-22OCT20-B84.5,between,84.99,84.0,,$84 to 84.99,finalized,2022-10-20 12:58:40,2022-10-20
1673,83,77,346,1666270720,0.0,23,17,18,,WTI-22OCT20-B84.5,between,84.99,84.0,,$84 to 84.99,finalized,2022-10-20 12:58:40,2022-10-20
1674,81,77,346,1666270720,0.0,23,19,18,,WTI-22OCT20-B84.5,between,84.99,84.0,,$84 to 84.99,finalized,2022-10-20 12:58:40,2022-10-20
1675,99,95,121,1666270720,0.0,5,1,5,,WTI-22OCT20-T82,less,81.99,,,$81.99 or lower,finalized,2022-10-20 12:58:40,2022-10-20
1676,83,77,346,1666270769,0.0,23,17,18,,WTI-22OCT20-B84.5,between,84.99,84.0,,$84 to 84.99,finalized,2022-10-20 12:59:29,2022-10-20
1677,85,77,346,1666270769,0.0,23,15,18,,WTI-22OCT20-B84.5,between,84.99,84.0,,$84 to 84.99,finalized,2022-10-20 12:59:29,2022-10-20
1678,100,77,346,1666270769,0.0,23,0,18,,WTI-22OCT20-B84.5,between,84.99,84.0,,$84 to 84.99,finalized,2022-10-20 12:59:29,2022-10-20
1679,83,77,311,1666270769,0.0,23,17,21,,WTI-22OCT20-B86.5,between,86.99,86.0,,$86 to 86.99,finalized,2022-10-20 12:59:29,2022-10-20
1680,96,94,422,1666270770,0.0,6,4,9,,WTI-22OCT20-B88.5,between,88.99,88.0,,$88 to 88.99,finalized,2022-10-20 12:59:30,2022-10-20
1681,99,94,121,1666270770,0.0,6,1,5,,WTI-22OCT20-T82,less,81.99,,,$81.99 or lower,finalized,2022-10-20 12:59:30,2022-10-20
1682,83,55,311,1666270771,0.0,45,17,21,,WTI-22OCT20-B86.5,between,86.99,86.0,,$86 to 86.99,finalized,2022-10-20 12:59:31,2022-10-20
1683,84,77,346,1666270773,0.0,23,16,18,,WTI-22OCT20-B84.5,between,84.99,84.0,,$84 to 84.99,finalized,2022-10-20 12:59:33,2022-10-20
1684,82,77,346,1666270773,0.0,23,18,18,,WTI-22OCT20-B84.5,between,84.99,84.0,,$84 to 84.99,finalized,2022-10-20 12:59:33,2022-10-20
1685,83,76,311,1666270773,0.0,24,17,21,,WTI-22OCT20-B86.5,between,86.99,86.0,,$86 to 86.99,finalized,2022-10-20 12:59:33,2022-10-20
1686,83,78,311,1666270773,0.0,22,17,21,,WTI-22OCT20-B86.5,between,86.99,86.0,,$86 to 86.99,finalized,2022-10-20 12:59:33,2022-10-20
1687,99,95,121,1666270773,0.0,5,1,5,,WTI-22OCT20-T82,less,81.99,,,$81.99 or lower,finalized,2022-10-20 12:59:33,2022-10-20
1688,93,89,222,1666270888,100.0,11,7,11,,WTI-22OCT20-B87.5,between,87.99,87.0,,$87 to 87.99,finalized,2022-10-20 13:01:28,2022-10-20
1689,93,88,453,1666270971,0.0,12,7,9,,WTI-22OCT20-B83.5,between,83.99,83.0,,$83 to 83.99,finalized,2022-10-20 13:02:51,2022-10-20
1690,82,75,346,1666270971,0.0,25,18,18,,WTI-22OCT20-B84.5,between,84.99,84.0,,$84 to 84.99,finalized,2022-10-20 13:02:51,2022-10-20
1691,100,68,296,1666270971,0.0,32,0,24,,WTI-22OCT20-B85.5,between,85.99,85.0,,$85 to 85.99,finalized,2022-10-20 13:02:51,2022-10-20
1692,85,78,311,1666270971,0.0,22,15,21,,WTI-22OCT20-B86.5,between,86.99,86.0,,$86 to 86.99,finalized,2022-10-20 13:02:51,2022-10-20
1693,94,89,222,1666270971,0.0,11,6,11,,WTI-22OCT20-B87.5,between,87.99,87.0,,$87 to 87.99,finalized,2022-10-20 13:02:51,2022-10-20
1694,92,88,453,1666270973,0.0,12,8,9,,WTI-22OCT20-B83.5,between,83.99,83.0,,$83 to 83.99,finalized,2022-10-20 13:02:53,2022-10-20
1695,80,75,346,1666270975,0.0,25,20,18,,WTI-22OCT20-B84.5,between,84.99,84.0,,$84 to 84.99,finalized,2022-10-20 13:02:55,2022-10-20
1696,77,68,296,1666270975,0.0,32,23,24,,WTI-22OCT20-B85.5,between,85.99,85.0,,$85 to 85.99,finalized,2022-10-20 13:02:55,2022-10-20
1697,75,68,296,1666270975,0.0,32,25,24,,WTI-22OCT20-B85.5,between,85.99,85.0,,$85 to 85.99,finalized,2022-10-20 13:02:55,2022-10-20
1698,73,68,296,1666270975,0.0,32,27,24,,WTI-22OCT20-B85.5,between,85.99,85.0,,$85 to 85.99,finalized,2022-10-20 13:02:55,2022-10-20
1699,85,80,311,1666270975,0.0,20,15,21,,WTI-22OCT20-B86.5,between,86.99,86.0,,$86 to 86.99,finalized,2022-10-20 13:02:55,2022-10-20
1700,94,90,222,1666270975,0.0,10,6,11,,WTI-22OCT20-B87.5,between,87.99,87.0,,$87 to 87.99,finalized,2022-10-20 13:02:55,2022-10-20
1701,96,95,422,1666270975,0.0,5,4,9,,WTI-22OCT20-B88.5,between,88.99,88.0,,$88 to 88.99,finalized,2022-10-20 13:02:55,2022-10-20
1702,82,75,346,1666271025,0.0,25,18,18,,WTI-22OCT20-B84.5,between,84.99,84.0,,$84 to 84.99,finalized,2022-10-20 13:03:45,2022-10-20
1703,85,55,311,1666271025,0.0,45,15,21,,WTI-22OCT20-B86.5,between,86.99,86.0,,$86 to 86.99,finalized,2022-10-20 13:03:45,2022-10-20
1704,93,88,453,1666271027,0.0,12,7,9,,WTI-22OCT20-B83.5,between,83.99,83.0,,$83 to 83.99,finalized,2022-10-20 13:03:47,2022-10-20
1705,94,89,222,1666271027,0.0,11,6,11,,WTI-22OCT20-B87.5,between,87.99,87.0,,$87 to 87.99,finalized,2022-10-20 13:03:47,2022-10-20
1706,83,55,311,1666271033,0.0,45,17,21,,WTI-22OCT20-B86.5,between,86.99,86.0,,$86 to 86.99,finalized,2022-10-20 13:03:53,2022-10-20
1707,93,89,453,1666271034,0.0,11,7,9,,WTI-22OCT20-B83.5,between,83.99,83.0,,$83 to 83.99,finalized,2022-10-20 13:03:54,2022-10-20
1708,93,89,222,1666271034,0.0,11,7,11,,WTI-22OCT20-B87.5,between,87.99,87.0,,$87 to 87.99,finalized,2022-10-20 13:03:54,2022-10-20
1709,82,77,346,1666271035,0.0,23,18,18,,WTI-22OCT20-B84.5,between,84.99,84.0,,$84 to 84.99,finalized,2022-10-20 13:03:55,2022-10-20
1710,83,75,311,1666271035,0.0,25,17,21,,WTI-22OCT20-B86.5,between,86.99,86.0,,$86 to 86.99,finalized,2022-10-20 13:03:55,2022-10-20
1711,83,79,311,1666271035,0.0,21,17,21,,WTI-22OCT20-B86.5,between,86.99,86.0,,$86 to 86.99,finalized,2022-10-20 13:03:55,2022-10-20
1712,83,75,311,1666271092,0.0,25,17,21,,WTI-22OCT20-B86.5,between,86.99,86.0,,$86 to 86.99,finalized,2022-10-20 13:04:52,2022-10-20
1713,83,55,311,1666271092,0.0,45,17,21,,WTI-22OCT20-B86.5,between,86.99,86.0,,$86 to 86.99,finalized,2022-10-20 13:04:52,2022-10-20
1714,99,95,106,1666271094,0.0,5,1,4,,WTI-22OCT20-B82.5,between,82.99,82.0,,$82 to 82.99,finalized,2022-10-20 13:04:54,2022-10-20
1715,82,75,346,1666271094,0.0,25,18,18,,WTI-22OCT20-B84.5,between,84.99,84.0,,$84 to 84.99,finalized,2022-10-20 13:04:54,2022-10-20
1716,82,78,346,1666271094,0.0,22,18,18,,WTI-22OCT20-B84.5,between,84.99,84.0,,$84 to 84.99,finalized,2022-10-20 13:04:54,2022-10-20
1717,83,74,311,1666271094,0.0,26,17,21,,WTI-22OCT20-B86.5,between,86.99,86.0,,$86 to 86.99,finalized,2022-10-20 13:04:54,2022-10-20
1718,83,78,311,1666271094,0.0,22,17,21,,WTI-22OCT20-B86.5,between,86.99,86.0,,$86 to 86.99,finalized,2022-10-20 13:04:54,2022-10-20
1719,96,94,422,1666271097,0.0,6,4,9,,WTI-22OCT20-B88.5,between,88.99,88.0,,$88 to 88.99,finalized,2022-10-20 13:04:57,2022-10-20
1720,82,76,346,1666271182,0.0,24,18,18,,WTI-22OCT20-B84.5,between,84.99,84.0,,$84 to 84.99,finalized,2022-10-20 13:06:22,2022-10-20
1721,84,76,346,1666271183,0.0,24,16,18,,WTI-22OCT20-B84.5,between,84.99,84.0,,$84 to 84.99,finalized,2022-10-20 13:06:23,2022-10-20
1722,100,76,346,1666271183,0.0,24,0,18,,WTI-22OCT20-B84.5,between,84.99,84.0,,$84 to 84.99,finalized,2022-10-20 13:06:23,2022-10-20
1723,86,78,311,1666271183,0.0,22,14,21,,WTI-22OCT20-B86.5,between,86.99,86.0,,$86 to 86.99,finalized,2022-10-20 13:06:23,2022-10-20
1724,86,55,311,1666271183,0.0,45,14,21,,WTI-22OCT20-B86.5,between,86.99,86.0,,$86 to 86.99,finalized,2022-10-20 13:06:23,2022-10-20
1725,81,76,346,1666271184,0.0,24,19,18,,WTI-22OCT20-B84.5,between,84.99,84.0,,$84 to 84.99,finalized,2022-10-20 13:06:24,2022-10-20
1726,98,95,106,1666271185,0.0,5,2,4,,WTI-22OCT20-B82.5,between,82.99,82.0,,$82 to 82.99,finalized,2022-10-20 13:06:25,2022-10-20
1727,93,88,453,1666271185,0.0,12,7,9,,WTI-22OCT20-B83.5,between,83.99,83.0,,$83 to 83.99,finalized,2022-10-20 13:06:25,2022-10-20
1728,92,88,453,1666271185,0.0,12,8,9,,WTI-22OCT20-B83.5,between,83.99,83.0,,$83 to 83.99,finalized,2022-10-20 13:06:25,2022-10-20
1729,86,77,311,1666271185,0.0,23,14,21,,WTI-22OCT20-B86.5,between,86.99,86.0,,$86 to 86.99,finalized,2022-10-20 13:06:25,2022-10-20
1730,86,79,311,1666271185,0.0,21,14,21,,WTI-22OCT20-B86.5,between,86.99,86.0,,$86 to 86.99,finalized,2022-10-20 13:06:25,2022-10-20
1731,84,79,311,1666271185,0.0,21,16,21,,WTI-22OCT20-B86.5,between,86.99,86.0,,$86 to 86.99,finalized,2022-10-20 13:06:25,2022-10-20
1732,96,95,422,1666271185,422.0,5,4,9,,WTI-22OCT20-B88.5,between,88.99,88.0,,$88 to 88.99,finalized,2022-10-20 13:06:25,2022-10-20
1733,84,77,311,1666271308,0.0,23,16,21,,WTI-22OCT20-B86.5,between,86.99,86.0,,$86 to 86.99,finalized,2022-10-20 13:08:28,2022-10-20
1734,84,75,311,1666271308,0.0,25,16,21,,WTI-22OCT20-B86.5,between,86.99,86.0,,$86 to 86.99,finalized,2022-10-20 13:08:28,2022-10-20
1735,84,55,311,1666271308,0.0,45,16,21,,WTI-22OCT20-B86.5,between,86.99,86.0,,$86 to 86.99,finalized,2022-10-20 13:08:28,2022-10-20
1736,86,55,311,1666271308,0.0,45,14,21,,WTI-22OCT20-B86.5,between,86.99,86.0,,$86 to 86.99,finalized,2022-10-20 13:08:28,2022-10-20
1737,83,76,346,1666271310,0.0,24,17,18,,WTI-22OCT20-B84.5,between,84.99,84.0,,$84 to 84.99,finalized,2022-10-20 13:08:30,2022-10-20
1738,83,72,346,1666271310,0.0,28,17,18,,WTI-22OCT20-B84.5,between,84.99,84.0,,$84 to 84.99,finalized,2022-10-20 13:08:30,2022-10-20
1739,94,89,222,1666271310,0.0,11,6,11,,WTI-22OCT20-B87.5,between,87.99,87.0,,$87 to 87.99,finalized,2022-10-20 13:08:30,2022-10-20
1740,100,95,121,1666271310,0.0,5,0,5,,WTI-22OCT20-T82,less,81.99,,,$81.99 or lower,finalized,2022-10-20 13:08:30,2022-10-20
1741,100,72,346,1666271311,0.0,28,0,18,,WTI-22OCT20-B84.5,between,84.99,84.0,,$84 to 84.99,finalized,2022-10-20 13:08:31,2022-10-20
1742,100,55,346,1666271312,0.0,45,0,18,,WTI-22OCT20-B84.5,between,84.99,84.0,,$84 to 84.99,finalized,2022-10-20 13:08:32,2022-10-20
1743,82,55,346,1666271314,0.0,45,18,18,,WTI-22OCT20-B84.5,between,84.99,84.0,,$84 to 84.99,finalized,2022-10-20 13:08:34,2022-10-20
1744,86,76,311,1666271314,0.0,24,14,21,,WTI-22OCT20-B86.5,between,86.99,86.0,,$86 to 86.99,finalized,2022-10-20 13:08:34,2022-10-20
1745,85,76,311,1666271314,0.0,24,15,21,,WTI-22OCT20-B86.5,between,86.99,86.0,,$86 to 86.99,finalized,2022-10-20 13:08:34,2022-10-20
1746,85,78,311,1666271314,0.0,22,15,21,,WTI-22OCT20-B86.5,between,86.99,86.0,,$86 to 86.99,finalized,2022-10-20 13:08:34,2022-10-20
1747,85,80,311,1666271314,0.0,20,15,21,,WTI-22OCT20-B86.5,between,86.99,86.0,,$86 to 86.99,finalized,2022-10-20 13:08:34,2022-10-20
1748,80,55,346,1666271316,0.0,45,20,18,,WTI-22OCT20-B84.5,between,84.99,84.0,,$84 to 84.99,finalized,2022-10-20 13:08:36,2022-10-20
1749,80,71,346,1666271316,0.0,29,20,18,,WTI-22OCT20-B84.5,between,84.99,84.0,,$84 to 84.99,finalized,2022-10-20 13:08:36,2022-10-20
1750,80,73,346,1666271316,0.0,27,20,18,,WTI-22OCT20-B84.5,between,84.99,84.0,,$84 to 84.99,finalized,2022-10-20 13:08:36,2022-10-20
1751,80,75,346,1666271316,0.0,25,20,18,,WTI-22OCT20-B84.5,between,84.99,84.0,,$84 to 84.99,finalized,2022-10-20 13:08:36,2022-10-20
1752,94,90,222,1666271316,0.0,10,6,11,,WTI-22OCT20-B87.5,between,87.99,87.0,,$87 to 87.99,finalized,2022-10-20 13:08:36,2022-10-20
1753,99,95,121,1666271316,0.0,5,1,5,,WTI-22OCT20-T82,less,81.99,,,$81.99 or lower,finalized,2022-10-20 13:08:36,2022-10-20
1754,98,95,121,1666271316,0.0,5,2,5,,WTI-22OCT20-T82,less,81.99,,,$81.99 or lower,finalized,2022-10-20 13:08:36,2022-10-20
1755,96,94,422,1666271375,0.0,6,4,9,,WTI-22OCT20-B88.5,between,88.99,88.0,,$88 to 88.99,finalized,2022-10-20 13:09:35,2022-10-20
1756,96,90,222,1666271376,0.0,10,4,11,,WTI-22OCT20-B87.5,between,87.99,87.0,,$87 to 87.99,finalized,2022-10-20 13:09:36,2022-10-20
1757,96,55,422,1666271376,0.0,45,4,9,,WTI-22OCT20-B88.5,between,88.99,88.0,,$88 to 88.99,finalized,2022-10-20 13:09:36,2022-10-20
1758,98,94,121,1666271376,0.0,6,2,5,,WTI-22OCT20-T82,less,81.99,,,$81.99 or lower,finalized,2022-10-20 13:09:36,2022-10-20
1759,98,93,121,1666271377,0.0,7,2,5,,WTI-22OCT20-T82,less,81.99,,,$81.99 or lower,finalized,2022-10-20 13:09:37,2022-10-20
1760,98,55,121,1666271377,0.0,45,2,5,,WTI-22OCT20-T82,less,81.99,,,$81.99 or lower,finalized,2022-10-20 13:09:37,2022-10-20
1761,99,95,106,1666271378,0.0,5,1,4,,WTI-22OCT20-B82.5,between,82.99,82.0,,$82 to 82.99,finalized,2022-10-20 13:09:38,2022-10-20
1762,100,95,106,1666271378,0.0,5,0,4,,WTI-22OCT20-B82.5,between,82.99,82.0,,$82 to 82.99,finalized,2022-10-20 13:09:38,2022-10-20
1763,93,88,453,1666271378,0.0,12,7,9,,WTI-22OCT20-B83.5,between,83.99,83.0,,$83 to 83.99,finalized,2022-10-20 13:09:38,2022-10-20
1764,94,90,222,1666271379,0.0,10,6,11,,WTI-22OCT20-B87.5,between,87.99,87.0,,$87 to 87.99,finalized,2022-10-20 13:09:39,2022-10-20
1765,96,93,422,1666271379,0.0,7,4,9,,WTI-22OCT20-B88.5,between,88.99,88.0,,$88 to 88.99,finalized,2022-10-20 13:09:39,2022-10-20
1766,96,94,422,1666271379,0.0,6,4,9,,WTI-22OCT20-B88.5,between,88.99,88.0,,$88 to 88.99,finalized,2022-10-20 13:09:39,2022-10-20
1767,96,95,422,1666271379,0.0,5,4,9,,WTI-22OCT20-B88.5,between,88.99,88.0,,$88 to 88.99,finalized,2022-10-20 13:09:39,2022-10-20
1768,98,95,121,1666271380,0.0,5,2,5,,WTI-22OCT20-T82,less,81.99,,,$81.99 or lower,finalized,2022-10-20 13:09:40,2022-10-20
1769,92,88,453,1666271381,0.0,12,8,9,,WTI-22OCT20-B83.5,between,83.99,83.0,,$83 to 83.99,finalized,2022-10-20 13:09:41,2022-10-20
1770,98,95,106,1666271382,0.0,5,2,4,,WTI-22OCT20-B82.5,between,82.99,82.0,,$82 to 82.99,finalized,2022-10-20 13:09:42,2022-10-20
1771,82,75,346,1666271514,0.0,25,18,18,,WTI-22OCT20-B84.5,between,84.99,84.0,,$84 to 84.99,finalized,2022-10-20 13:11:54,2022-10-20
1772,82,73,346,1666271514,0.0,27,18,18,,WTI-22OCT20-B84.5,between,84.99,84.0,,$84 to 84.99,finalized,2022-10-20 13:11:54,2022-10-20
1773,85,78,311,1666271514,0.0,22,15,21,,WTI-22OCT20-B86.5,between,86.99,86.0,,$86 to 86.99,finalized,2022-10-20 13:11:54,2022-10-20
1774,86,78,311,1666271514,0.0,22,14,21,,WTI-22OCT20-B86.5,between,86.99,86.0,,$86 to 86.99,finalized,2022-10-20 13:11:54,2022-10-20
1775,99,95,106,1666271565,0.0,5,1,4,,WTI-22OCT20-B82.5,between,82.99,82.0,,$82 to 82.99,finalized,2022-10-20 13:12:45,2022-10-20
1776,99,94,106,1666271565,0.0,6,1,4,,WTI-22OCT20-B82.5,between,82.99,82.0,,$82 to 82.99,finalized,2022-10-20 13:12:45,2022-10-20
1777,84,73,346,1666271565,0.0,27,16,18,,WTI-22OCT20-B84.5,between,84.99,84.0,,$84 to 84.99,finalized,2022-10-20 13:12:45,2022-10-20
1778,100,73,346,1666271565,0.0,27,0,18,,WTI-22OCT20-B84.5,between,84.99,84.0,,$84 to 84.99,finalized,2022-10-20 13:12:45,2022-10-20
1779,96,94,422,1666271565,0.0,6,4,9,,WTI-22OCT20-B88.5,between,88.99,88.0,,$88 to 88.99,finalized,2022-10-20 13:12:45,2022-10-20
1780,99,95,121,1666271565,0.0,5,1,5,,WTI-22OCT20-T82,less,81.99,,,$81.99 or lower,finalized,2022-10-20 13:12:45,2022-10-20
1781,100,55,346,1666271566,0.0,45,0,18,,WTI-22OCT20-B84.5,between,84.99,84.0,,$84 to 84.99,finalized,2022-10-20 13:12:46,2022-10-20
1782,94,88,222,1666271566,0.0,12,6,11,,WTI-22OCT20-B87.5,between,87.99,87.0,,$87 to 87.99,finalized,2022-10-20 13:12:46,2022-10-20
1783,93,88,453,1666271567,0.0,12,7,9,,WTI-22OCT20-B83.5,between,83.99,83.0,,$83 to 83.99,finalized,2022-10-20 13:12:47,2022-10-20
1784,99,95,106,1666271575,0.0,5,1,4,,WTI-22OCT20-B82.5,between,82.99,82.0,,$82 to 82.99,finalized,2022-10-20 13:12:55,2022-10-20
1785,93,89,453,1666271575,0.0,11,7,9,,WTI-22OCT20-B83.5,between,83.99,83.0,,$83 to 83.99,finalized,2022-10-20 13:12:55,2022-10-20
1786,85,55,346,1666271575,0.0,45,15,18,,WTI-22OCT20-B84.5,between,84.99,84.0,,$84 to 84.99,finalized,2022-10-20 13:12:55,2022-10-20
1787,85,74,346,1666271575,0.0,26,15,18,,WTI-22OCT20-B84.5,between,84.99,84.0,,$84 to 84.99,finalized,2022-10-20 13:12:55,2022-10-20
1788,85,78,346,1666271575,0.0,22,15,18,,WTI-22OCT20-B84.5,between,84.99,84.0,,$84 to 84.99,finalized,2022-10-20 13:12:55,2022-10-20
1789,83,78,346,1666271575,0.0,22,17,18,,WTI-22OCT20-B84.5,between,84.99,84.0,,$84 to 84.99,finalized,2022-10-20 13:12:55,2022-10-20
1790,84,78,311,1666271575,0.0,22,16,21,,WTI-22OCT20-B86.5,between,86.99,86.0,,$86 to 86.99,finalized,2022-10-20 13:12:55,2022-10-20
1791,82,78,311,1666271575,0.0,22,18,21,,WTI-22OCT20-B86.5,between,86.99,86.0,,$86 to 86.99,finalized,2022-10-20 13:12:55,2022-10-20
1792,93,88,222,1666271575,0.0,12,7,11,,WTI-22OCT20-B87.5,between,87.99,87.0,,$87 to 87.99,finalized,2022-10-20 13:12:55,2022-10-20
1793,92,88,222,1666271575,0.0,12,8,11,,WTI-22OCT20-B87.5,between,87.99,87.0,,$87 to 87.99,finalized,2022-10-20 13:12:55,2022-10-20
1794,99,96,121,1666271575,0.0,4,1,5,,WTI-22OCT20-T82,less,81.99,,,$81.99 or lower,finalized,2022-10-20 13:12:55,2022-10-20
1795,93,90,453,1666271576,0.0,10,7,9,,WTI-22OCT20-B83.5,between,83.99,83.0,,$83 to 83.99,finalized,2022-10-20 13:12:56,2022-10-20
1796,82,76,311,1666271629,0.0,24,18,21,,WTI-22OCT20-B86.5,between,86.99,86.0,,$86 to 86.99,finalized,2022-10-20 13:13:49,2022-10-20
1797,82,75,311,1666271629,0.0,25,18,21,,WTI-22OCT20-B86.5,between,86.99,86.0,,$86 to 86.99,finalized,2022-10-20 13:13:49,2022-10-20
1798,82,77,311,1666271629,0.0,23,18,21,,WTI-22OCT20-B86.5,between,86.99,86.0,,$86 to 86.99,finalized,2022-10-20 13:13:49,2022-10-20
1799,92,87,306,1666271745,84.0,13,8,12,,WTI-22OCT20-B87.5,between,87.99,87.0,,$87 to 87.99,finalized,2022-10-20 13:15:45,2022-10-20
1800,100,68,296,1666271752,0.0,32,0,24,,WTI-22OCT20-B85.5,between,85.99,85.0,,$85 to 85.99,finalized,2022-10-20 13:15:52,2022-10-20
1801,100,64,296,1666271752,0.0,36,0,24,,WTI-22OCT20-B85.5,between,85.99,85.0,,$85 to 85.99,finalized,2022-10-20 13:15:52,2022-10-20
1802,100,55,296,1666271752,0.0,45,0,24,,WTI-22OCT20-B85.5,between,85.99,85.0,,$85 to 85.99,finalized,2022-10-20 13:15:52,2022-10-20
1803,95,90,453,1666271809,0.0,10,5,9,,WTI-22OCT20-B83.5,between,83.99,83.0,,$83 to 83.99,finalized,2022-10-20 13:16:49,2022-10-20
1804,85,78,346,1666271809,0.0,22,15,18,,WTI-22OCT20-B84.5,between,84.99,84.0,,$84 to 84.99,finalized,2022-10-20 13:16:49,2022-10-20
1805,86,78,346,1666271809,0.0,22,14,18,,WTI-22OCT20-B84.5,between,84.99,84.0,,$84 to 84.99,finalized,2022-10-20 13:16:49,2022-10-20
1806,82,75,311,1666271809,0.0,25,18,21,,WTI-22OCT20-B86.5,between,86.99,86.0,,$86 to 86.99,finalized,2022-10-20 13:16:49,2022-10-20
1807,82,73,311,1666271809,0.0,27,18,21,,WTI-22OCT20-B86.5,between,86.99,86.0,,$86 to 86.99,finalized,2022-10-20 13:16:49,2022-10-20
1808,82,55,311,1666271809,0.0,45,18,21,,WTI-22OCT20-B86.5,between,86.99,86.0,,$86 to 86.99,finalized,2022-10-20 13:16:49,2022-10-20
1809,84,55,311,1666271809,0.0,45,16,21,,WTI-22OCT20-B86.5,between,86.99,86.0,,$86 to 86.99,finalized,2022-10-20 13:16:49,2022-10-20
1810,89,55,311,1666271809,0.0,45,11,21,,WTI-22OCT20-B86.5,between,86.99,86.0,,$86 to 86.99,finalized,2022-10-20 13:16:49,2022-10-20
1811,92,86,306,1666271809,0.0,14,8,12,,WTI-22OCT20-B87.5,between,87.99,87.0,,$87 to 87.99,finalized,2022-10-20 13:16:49,2022-10-20
1812,96,93,422,1666271809,0.0,7,4,9,,WTI-22OCT20-B88.5,between,88.99,88.0,,$88 to 88.99,finalized,2022-10-20 13:16:49,2022-10-20
1813,74,55,296,1666271813,0.0,45,26,24,,WTI-22OCT20-B85.5,between,85.99,85.0,,$85 to 85.99,finalized,2022-10-20 13:16:53,2022-10-20
1814,74,65,296,1666271813,0.0,35,26,24,,WTI-22OCT20-B85.5,between,85.99,85.0,,$85 to 85.99,finalized,2022-10-20 13:16:53,2022-10-20
1815,74,69,296,1666271813,0.0,31,26,24,,WTI-22OCT20-B85.5,between,85.99,85.0,,$85 to 85.99,finalized,2022-10-20 13:16:53,2022-10-20
1816,89,70,311,1666271813,0.0,30,11,21,,WTI-22OCT20-B86.5,between,86.99,86.0,,$86 to 86.99,finalized,2022-10-20 13:16:53,2022-10-20
1817,89,72,311,1666271813,0.0,28,11,21,,WTI-22OCT20-B86.5,between,86.99,86.0,,$86 to 86.99,finalized,2022-10-20 13:16:53,2022-10-20
1818,89,74,311,1666271813,0.0,26,11,21,,WTI-22OCT20-B86.5,between,86.99,86.0,,$86 to 86.99,finalized,2022-10-20 13:16:53,2022-10-20
1819,81,74,311,1666271813,0.0,26,19,21,,WTI-22OCT20-B86.5,between,86.99,86.0,,$86 to 86.99,finalized,2022-10-20 13:16:53,2022-10-20
1820,79,74,311,1666271813,0.0,26,21,21,,WTI-22OCT20-B86.5,between,86.99,86.0,,$86 to 86.99,finalized,2022-10-20 13:16:53,2022-10-20
1821,92,55,356,1666271832,50.0,45,8,14,,WTI-22OCT20-B87.5,between,87.99,87.0,,$87 to 87.99,finalized,2022-10-20 13:17:12,2022-10-20
1822,79,72,311,1666271842,68.0,28,21,26,,WTI-22OCT20-B86.5,between,86.99,86.0,,$86 to 86.99,finalized,2022-10-20 13:17:22,2022-10-20
1823,99,96,106,1666271867,0.0,4,1,4,,WTI-22OCT20-B82.5,between,82.99,82.0,,$82 to 82.99,finalized,2022-10-20 13:17:47,2022-10-20
1824,92,83,356,1666271867,0.0,17,8,14,,WTI-22OCT20-B87.5,between,87.99,87.0,,$87 to 87.99,finalized,2022-10-20 13:17:47,2022-10-20
1825,90,83,356,1666271867,0.0,17,10,14,,WTI-22OCT20-B87.5,between,87.99,87.0,,$87 to 87.99,finalized,2022-10-20 13:17:47,2022-10-20
1826,100,94,476,1666271867,0.0,6,0,2,,WTI-22OCT20-T89.99,greater,,90.0,,$90 or higher,finalized,2022-10-20 13:17:47,2022-10-20
1827,86,77,346,1666271868,0.0,23,14,18,,WTI-22OCT20-B84.5,between,84.99,84.0,,$84 to 84.99,finalized,2022-10-20 13:17:48,2022-10-20
1828,86,79,346,1666271868,0.0,21,14,18,,WTI-22OCT20-B84.5,between,84.99,84.0,,$84 to 84.99,finalized,2022-10-20 13:17:48,2022-10-20
1829,86,81,346,1666271868,0.0,19,14,18,,WTI-22OCT20-B84.5,between,84.99,84.0,,$84 to 84.99,finalized,2022-10-20 13:17:48,2022-10-20
1830,90,85,356,1666271868,0.0,15,10,14,,WTI-22OCT20-B87.5,between,87.99,87.0,,$87 to 87.99,finalized,2022-10-20 13:17:48,2022-10-20
1831,100,95,476,1666271868,0.0,5,0,2,,WTI-22OCT20-T89.99,greater,,90.0,,$90 or higher,finalized,2022-10-20 13:17:48,2022-10-20
1832,100,96,476,1666271868,0.0,4,0,2,,WTI-22OCT20-T89.99,greater,,90.0,,$90 or higher,finalized,2022-10-20 13:17:48,2022-10-20
1833,95,91,453,1666271869,0.0,9,5,9,,WTI-22OCT20-B83.5,between,83.99,83.0,,$83 to 83.99,finalized,2022-10-20 13:17:49,2022-10-20
1834,86,79,346,1666271921,0.0,21,14,18,,WTI-22OCT20-B84.5,between,84.99,84.0,,$84 to 84.99,finalized,2022-10-20 13:18:41,2022-10-20
1835,86,55,346,1666271921,0.0,45,14,18,,WTI-22OCT20-B84.5,between,84.99,84.0,,$84 to 84.99,finalized,2022-10-20 13:18:41,2022-10-20
1836,87,55,346,1666271921,0.0,45,13,18,,WTI-22OCT20-B84.5,between,84.99,84.0,,$84 to 84.99,finalized,2022-10-20 13:18:41,2022-10-20
1837,76,69,296,1666271921,0.0,31,24,24,,WTI-22OCT20-B85.5,between,85.99,85.0,,$85 to 85.99,finalized,2022-10-20 13:18:41,2022-10-20
1838,76,55,296,1666271922,0.0,45,24,24,,WTI-22OCT20-B85.5,between,85.99,85.0,,$85 to 85.99,finalized,2022-10-20 13:18:42,2022-10-20
1839,95,92,453,1666271923,0.0,8,5,9,,WTI-22OCT20-B83.5,between,83.99,83.0,,$83 to 83.99,finalized,2022-10-20 13:18:43,2022-10-20
1840,87,82,346,1666271923,0.0,18,13,18,,WTI-22OCT20-B84.5,between,84.99,84.0,,$84 to 84.99,finalized,2022-10-20 13:18:43,2022-10-20
1841,76,68,296,1666271923,0.0,32,24,24,,WTI-22OCT20-B85.5,between,85.99,85.0,,$85 to 85.99,finalized,2022-10-20 13:18:43,2022-10-20
1842,76,70,296,1666271923,0.0,30,24,24,,WTI-22OCT20-B85.5,between,85.99,85.0,,$85 to 85.99,finalized,2022-10-20 13:18:43,2022-10-20
1843,77,72,311,1666271923,0.0,28,23,26,,WTI-22OCT20-B86.5,between,86.99,86.0,,$86 to 86.99,finalized,2022-10-20 13:18:43,2022-10-20
1844,89,85,356,1666271923,0.0,15,11,14,,WTI-22OCT20-B87.5,between,87.99,87.0,,$87 to 87.99,finalized,2022-10-20 13:18:43,2022-10-20
1845,96,94,422,1666271923,0.0,6,4,9,,WTI-22OCT20-B88.5,between,88.99,88.0,,$88 to 88.99,finalized,2022-10-20 13:18:43,2022-10-20
1846,99,95,121,1666271971,0.0,5,1,5,,WTI-22OCT20-T82,less,81.99,,,$81.99 or lower,finalized,2022-10-20 13:19:31,2022-10-20
1847,87,80,346,1666271972,0.0,20,13,18,,WTI-22OCT20-B84.5,between,84.99,84.0,,$84 to 84.99,finalized,2022-10-20 13:19:32,2022-10-20
1848,87,55,346,1666271972,0.0,45,13,18,,WTI-22OCT20-B84.5,between,84.99,84.0,,$84 to 84.99,finalized,2022-10-20 13:19:32,2022-10-20
1849,78,70,296,1666271972,0.0,30,22,24,,WTI-22OCT20-B85.5,between,85.99,85.0,,$85 to 85.99,finalized,2022-10-20 13:19:32,2022-10-20
1850,100,70,296,1666271972,0.0,30,0,24,,WTI-22OCT20-B85.5,between,85.99,85.0,,$85 to 85.99,finalized,2022-10-20 13:19:32,2022-10-20
1851,81,72,311,1666271972,0.0,28,19,26,,WTI-22OCT20-B86.5,between,86.99,86.0,,$86 to 86.99,finalized,2022-10-20 13:19:32,2022-10-20
1852,89,72,311,1666271972,0.0,28,11,26,,WTI-22OCT20-B86.5,between,86.99,86.0,,$86 to 86.99,finalized,2022-10-20 13:19:32,2022-10-20
1853,89,55,311,1666271972,379.0,45,11,26,,WTI-22OCT20-B86.5,between,86.99,86.0,,$86 to 86.99,finalized,2022-10-20 13:19:32,2022-10-20
1854,89,83,356,1666271972,0.0,17,11,14,,WTI-22OCT20-B87.5,between,87.99,87.0,,$87 to 87.99,finalized,2022-10-20 13:19:32,2022-10-20
1855,89,55,356,1666271972,0.0,45,11,14,,WTI-22OCT20-B87.5,between,87.99,87.0,,$87 to 87.99,finalized,2022-10-20 13:19:32,2022-10-20
1856,96,93,422,1666271972,0.0,7,4,9,,WTI-22OCT20-B88.5,between,88.99,88.0,,$88 to 88.99,finalized,2022-10-20 13:19:32,2022-10-20
1857,100,55,476,1666271972,0.0,45,0,2,,WTI-22OCT20-T89.99,greater,,90.0,,$90 or higher,finalized,2022-10-20 13:19:32,2022-10-20
1858,96,92,453,1666271974,0.0,8,4,9,,WTI-22OCT20-B83.5,between,83.99,83.0,,$83 to 83.99,finalized,2022-10-20 13:19:34,2022-10-20
1859,79,70,296,1666271974,0.0,30,21,24,,WTI-22OCT20-B85.5,between,85.99,85.0,,$85 to 85.99,finalized,2022-10-20 13:19:34,2022-10-20
1860,77,70,296,1666271974,0.0,30,23,24,,WTI-22OCT20-B85.5,between,85.99,85.0,,$85 to 85.99,finalized,2022-10-20 13:19:34,2022-10-20
1861,75,70,296,1666271974,0.0,30,25,24,,WTI-22OCT20-B85.5,between,85.99,85.0,,$85 to 85.99,finalized,2022-10-20 13:19:34,2022-10-20
1862,82,55,311,1666271974,0.0,45,18,26,,WTI-22OCT20-B86.5,between,86.99,86.0,,$86 to 86.99,finalized,2022-10-20 13:19:34,2022-10-20
1863,99,96,121,1666271974,0.0,4,1,5,,WTI-22OCT20-T82,less,81.99,,,$81.99 or lower,finalized,2022-10-20 13:19:34,2022-10-20
1864,80,55,311,1666271975,0.0,45,20,26,,WTI-22OCT20-B86.5,between,86.99,86.0,,$86 to 86.99,finalized,2022-10-20 13:19:35,2022-10-20
1865,80,71,311,1666271975,0.0,29,20,26,,WTI-22OCT20-B86.5,between,86.99,86.0,,$86 to 86.99,finalized,2022-10-20 13:19:35,2022-10-20
1866,80,73,311,1666271975,0.0,27,20,26,,WTI-22OCT20-B86.5,between,86.99,86.0,,$86 to 86.99,finalized,2022-10-20 13:19:35,2022-10-20
1867,89,82,356,1666271975,0.0,18,11,14,,WTI-22OCT20-B87.5,between,87.99,87.0,,$87 to 87.99,finalized,2022-10-20 13:19:35,2022-10-20
1868,87,81,346,1666271976,819.0,19,13,18,,WTI-22OCT20-B84.5,between,84.99,84.0,,$84 to 84.99,finalized,2022-10-20 13:19:36,2022-10-20
1869,87,83,346,1666271976,0.0,17,13,18,,WTI-22OCT20-B84.5,between,84.99,84.0,,$84 to 84.99,finalized,2022-10-20 13:19:36,2022-10-20
1870,78,73,311,1666271976,0.0,27,22,26,,WTI-22OCT20-B86.5,between,86.99,86.0,,$86 to 86.99,finalized,2022-10-20 13:19:36,2022-10-20
1871,88,82,356,1666271976,0.0,18,12,14,,WTI-22OCT20-B87.5,between,87.99,87.0,,$87 to 87.99,finalized,2022-10-20 13:19:36,2022-10-20
1872,88,84,356,1666271976,0.0,16,12,14,,WTI-22OCT20-B87.5,between,87.99,87.0,,$87 to 87.99,finalized,2022-10-20 13:19:36,2022-10-20
1873,79,70,296,1666272044,0.0,30,21,24,,WTI-22OCT20-B85.5,between,85.99,85.0,,$85 to 85.99,finalized,2022-10-20 13:20:44,2022-10-20
1874,88,83,346,1666272045,0.0,17,12,18,,WTI-22OCT20-B84.5,between,84.99,84.0,,$84 to 84.99,finalized,2022-10-20 13:20:45,2022-10-20
1875,100,70,296,1666272045,0.0,30,0,24,,WTI-22OCT20-B85.5,between,85.99,85.0,,$85 to 85.99,finalized,2022-10-20 13:20:45,2022-10-20
1876,89,73,311,1666272045,0.0,27,11,26,,WTI-22OCT20-B86.5,between,86.99,86.0,,$86 to 86.99,finalized,2022-10-20 13:20:45,2022-10-20
1877,89,55,311,1666272045,0.0,45,11,26,,WTI-22OCT20-B86.5,between,86.99,86.0,,$86 to 86.99,finalized,2022-10-20 13:20:45,2022-10-20
1878,80,70,296,1666272046,0.0,30,20,24,,WTI-22OCT20-B85.5,between,85.99,85.0,,$85 to 85.99,finalized,2022-10-20 13:20:46,2022-10-20
1879,78,70,296,1666272046,0.0,30,22,24,,WTI-22OCT20-B85.5,between,85.99,85.0,,$85 to 85.99,finalized,2022-10-20 13:20:46,2022-10-20
1880,76,70,296,1666272046,0.0,30,24,24,,WTI-22OCT20-B85.5,between,85.99,85.0,,$85 to 85.99,finalized,2022-10-20 13:20:46,2022-10-20
1881,81,55,311,1666272046,0.0,45,19,26,,WTI-22OCT20-B86.5,between,86.99,86.0,,$86 to 86.99,finalized,2022-10-20 13:20:46,2022-10-20
1882,77,55,311,1666272046,0.0,45,23,26,,WTI-22OCT20-B86.5,between,86.99,86.0,,$86 to 86.99,finalized,2022-10-20 13:20:46,2022-10-20
1883,77,72,311,1666272046,0.0,28,23,26,,WTI-22OCT20-B86.5,between,86.99,86.0,,$86 to 86.99,finalized,2022-10-20 13:20:46,2022-10-20
1884,99,55,410,1666272046,0.0,45,1,6,,WTI-22OCT20-B89.5,between,89.99,89.0,,$89 to 89.99,finalized,2022-10-20 13:20:46,2022-10-20
1885,99,96,410,1666272046,0.0,4,1,6,,WTI-22OCT20-B89.5,between,89.99,89.0,,$89 to 89.99,finalized,2022-10-20 13:20:46,2022-10-20
1886,100,96,476,1666272046,0.0,4,0,2,,WTI-22OCT20-T89.99,greater,,90.0,,$90 or higher,finalized,2022-10-20 13:20:46,2022-10-20
1887,99,96,476,1666272046,0.0,4,1,2,,WTI-22OCT20-T89.99,greater,,90.0,,$90 or higher,finalized,2022-10-20 13:20:46,2022-10-20
1888,97,92,453,1666272109,0.0,8,3,9,,WTI-22OCT20-B83.5,between,83.99,83.0,,$83 to 83.99,finalized,2022-10-20 13:21:49,2022-10-20
1889,97,91,453,1666272109,0.0,9,3,9,,WTI-22OCT20-B83.5,between,83.99,83.0,,$83 to 83.99,finalized,2022-10-20 13:21:49,2022-10-20
1890,99,95,106,1666272111,0.0,5,1,4,,WTI-22OCT20-B82.5,between,82.99,82.0,,$82 to 82.99,finalized,2022-10-20 13:21:51,2022-10-20
1891,78,70,296,1666272111,0.0,30,22,24,,WTI-22OCT20-B85.5,between,85.99,85.0,,$85 to 85.99,finalized,2022-10-20 13:21:51,2022-10-20
1892,100,70,296,1666272111,0.0,30,0,24,,WTI-22OCT20-B85.5,between,85.99,85.0,,$85 to 85.99,finalized,2022-10-20 13:21:51,2022-10-20
1893,79,72,311,1666272111,0.0,28,21,26,,WTI-22OCT20-B86.5,between,86.99,86.0,,$86 to 86.99,finalized,2022-10-20 13:21:51,2022-10-20
1894,79,55,311,1666272111,0.0,45,21,26,,WTI-22OCT20-B86.5,between,86.99,86.0,,$86 to 86.99,finalized,2022-10-20 13:21:51,2022-10-20
1895,81,55,311,1666272111,0.0,45,19,26,,WTI-22OCT20-B86.5,between,86.99,86.0,,$86 to 86.99,finalized,2022-10-20 13:21:51,2022-10-20
1896,89,55,311,1666272112,0.0,45,11,26,,WTI-22OCT20-B86.5,between,86.99,86.0,,$86 to 86.99,finalized,2022-10-20 13:21:52,2022-10-20
1897,96,91,453,1666272113,0.0,9,4,9,,WTI-22OCT20-B83.5,between,83.99,83.0,,$83 to 83.99,finalized,2022-10-20 13:21:53,2022-10-20
1898,96,92,453,1666272113,0.0,8,4,9,,WTI-22OCT20-B83.5,between,83.99,83.0,,$83 to 83.99,finalized,2022-10-20 13:21:53,2022-10-20
1899,79,70,296,1666272114,0.0,30,21,24,,WTI-22OCT20-B85.5,between,85.99,85.0,,$85 to 85.99,finalized,2022-10-20 13:21:54,2022-10-20
1900,77,70,296,1666272114,0.0,30,23,24,,WTI-22OCT20-B85.5,between,85.99,85.0,,$85 to 85.99,finalized,2022-10-20 13:21:54,2022-10-20
1901,75,70,296,1666272114,0.0,30,25,24,,WTI-22OCT20-B85.5,between,85.99,85.0,,$85 to 85.99,finalized,2022-10-20 13:21:54,2022-10-20
1902,97,92,453,1666272166,0.0,8,3,9,,WTI-22OCT20-B83.5,between,83.99,83.0,,$83 to 83.99,finalized,2022-10-20 13:22:46,2022-10-20
1903,77,70,296,1666272166,0.0,30,23,24,,WTI-22OCT20-B85.5,between,85.99,85.0,,$85 to 85.99,finalized,2022-10-20 13:22:46,2022-10-20
1904,99,95,121,1666272166,0.0,5,1,5,,WTI-22OCT20-T82,less,81.99,,,$81.99 or lower,finalized,2022-10-20 13:22:46,2022-10-20
1905,100,95,121,1666272166,0.0,5,0,5,,WTI-22OCT20-T82,less,81.99,,,$81.99 or lower,finalized,2022-10-20 13:22:46,2022-10-20
1906,98,92,453,1666272167,0.0,8,2,9,,WTI-22OCT20-B83.5,between,83.99,83.0,,$83 to 83.99,finalized,2022-10-20 13:22:47,2022-10-20
1907,100,83,346,1666272167,0.0,17,0,18,,WTI-22OCT20-B84.5,between,84.99,84.0,,$84 to 84.99,finalized,2022-10-20 13:22:47,2022-10-20
1908,100,95,106,1666272168,0.0,5,0,4,,WTI-22OCT20-B82.5,between,82.99,82.0,,$82 to 82.99,finalized,2022-10-20 13:22:48,2022-10-20
1909,97,92,453,1666272168,0.0,8,3,9,,WTI-22OCT20-B83.5,between,83.99,83.0,,$83 to 83.99,finalized,2022-10-20 13:22:48,2022-10-20
1910,97,93,453,1666272168,0.0,7,3,9,,WTI-22OCT20-B83.5,between,83.99,83.0,,$83 to 83.99,finalized,2022-10-20 13:22:48,2022-10-20
1911,88,82,356,1666272168,0.0,18,12,14,,WTI-22OCT20-B87.5,between,87.99,87.0,,$87 to 87.99,finalized,2022-10-20 13:22:48,2022-10-20
1912,96,92,422,1666272168,0.0,8,4,9,,WTI-22OCT20-B88.5,between,88.99,88.0,,$88 to 88.99,finalized,2022-10-20 13:22:48,2022-10-20
1913,100,96,121,1666272168,0.0,4,0,5,,WTI-22OCT20-T82,less,81.99,,,$81.99 or lower,finalized,2022-10-20 13:22:48,2022-10-20
1914,100,85,346,1666272170,0.0,15,0,18,,WTI-22OCT20-B84.5,between,84.99,84.0,,$84 to 84.99,finalized,2022-10-20 13:22:50,2022-10-20
1915,100,86,346,1666272170,0.0,14,0,18,,WTI-22OCT20-B84.5,between,84.99,84.0,,$84 to 84.99,finalized,2022-10-20 13:22:50,2022-10-20
1916,90,86,346,1666272170,0.0,14,10,18,,WTI-22OCT20-B84.5,between,84.99,84.0,,$84 to 84.99,finalized,2022-10-20 13:22:50,2022-10-20
1917,77,72,296,1666272170,0.0,28,23,24,,WTI-22OCT20-B85.5,between,85.99,85.0,,$85 to 85.99,finalized,2022-10-20 13:22:50,2022-10-20
1918,78,55,311,1666272170,0.0,45,22,26,,WTI-22OCT20-B86.5,between,86.99,86.0,,$86 to 86.99,finalized,2022-10-20 13:22:50,2022-10-20
1919,76,55,311,1666272170,0.0,45,24,26,,WTI-22OCT20-B86.5,between,86.99,86.0,,$86 to 86.99,finalized,2022-10-20 13:22:50,2022-10-20
1920,76,69,311,1666272170,0.0,31,24,26,,WTI-22OCT20-B86.5,between,86.99,86.0,,$86 to 86.99,finalized,2022-10-20 13:22:50,2022-10-20
1921,76,71,311,1666272170,0.0,29,24,26,,WTI-22OCT20-B86.5,between,86.99,86.0,,$86 to 86.99,finalized,2022-10-20 13:22:50,2022-10-20
1922,95,92,422,1666272170,0.0,8,5,9,,WTI-22OCT20-B88.5,between,88.99,88.0,,$88 to 88.99,finalized,2022-10-20 13:22:50,2022-10-20
1923,100,96,106,1666272172,0.0,4,0,4,,WTI-22OCT20-B82.5,between,82.99,82.0,,$82 to 82.99,finalized,2022-10-20 13:22:52,2022-10-20
1924,100,97,106,1666272172,0.0,3,0,4,,WTI-22OCT20-B82.5,between,82.99,82.0,,$82 to 82.99,finalized,2022-10-20 13:22:52,2022-10-20
1925,86,82,356,1666272172,0.0,18,14,14,,WTI-22OCT20-B87.5,between,87.99,87.0,,$87 to 87.99,finalized,2022-10-20 13:22:52,2022-10-20
1926,75,72,296,1666272208,0.0,28,25,24,,WTI-22OCT20-B85.5,between,85.99,85.0,,$85 to 85.99,finalized,2022-10-20 13:23:28,2022-10-20
1927,100,95,121,1666272230,287.0,5,0,5,,WTI-22OCT20-T82,less,81.99,,,$81.99 or lower,finalized,2022-10-20 13:23:50,2022-10-20
1928,75,68,296,1666272231,0.0,32,25,24,,WTI-22OCT20-B85.5,between,85.99,85.0,,$85 to 85.99,finalized,2022-10-20 13:23:51,2022-10-20
1929,75,55,296,1666272231,0.0,45,25,24,,WTI-22OCT20-B85.5,between,85.99,85.0,,$85 to 85.99,finalized,2022-10-20 13:23:51,2022-10-20
1930,100,55,121,1666272231,0.0,45,0,5,,WTI-22OCT20-T82,less,81.99,,,$81.99 or lower,finalized,2022-10-20 13:23:51,2022-10-20
1931,100,96,106,1666272232,0.0,4,0,4,,WTI-22OCT20-B82.5,between,82.99,82.0,,$82 to 82.99,finalized,2022-10-20 13:23:52,2022-10-20
1932,100,95,106,1666272232,0.0,5,0,4,,WTI-22OCT20-B82.5,between,82.99,82.0,,$82 to 82.99,finalized,2022-10-20 13:23:52,2022-10-20
1933,76,67,311,1666272232,0.0,33,24,26,,WTI-22OCT20-B86.5,between,86.99,86.0,,$86 to 86.99,finalized,2022-10-20 13:23:52,2022-10-20
1934,86,80,356,1666272232,0.0,20,14,14,,WTI-22OCT20-B87.5,between,87.99,87.0,,$87 to 87.99,finalized,2022-10-20 13:23:52,2022-10-20
1935,100,96,410,1666272232,0.0,4,0,6,,WTI-22OCT20-B89.5,between,89.99,89.0,,$89 to 89.99,finalized,2022-10-20 13:23:52,2022-10-20
1936,100,55,106,1666272233,0.0,45,0,4,,WTI-22OCT20-B82.5,between,82.99,82.0,,$82 to 82.99,finalized,2022-10-20 13:23:53,2022-10-20
1937,76,55,311,1666272233,0.0,45,24,26,,WTI-22OCT20-B86.5,between,86.99,86.0,,$86 to 86.99,finalized,2022-10-20 13:23:53,2022-10-20
1938,89,55,311,1666272233,0.0,45,11,26,,WTI-22OCT20-B86.5,between,86.99,86.0,,$86 to 86.99,finalized,2022-10-20 13:23:53,2022-10-20
1939,86,55,356,1666272233,0.0,45,14,14,,WTI-22OCT20-B87.5,between,87.99,87.0,,$87 to 87.99,finalized,2022-10-20 13:23:53,2022-10-20
1940,75,71,296,1666272234,0.0,29,25,24,,WTI-22OCT20-B85.5,between,85.99,85.0,,$85 to 85.99,finalized,2022-10-20 13:23:54,2022-10-20
1941,75,55,311,1666272234,0.0,45,25,26,,WTI-22OCT20-B86.5,between,86.99,86.0,,$86 to 86.99,finalized,2022-10-20 13:23:54,2022-10-20
1942,75,68,311,1666272234,0.0,32,25,26,,WTI-22OCT20-B86.5,between,86.99,86.0,,$86 to 86.99,finalized,2022-10-20 13:23:54,2022-10-20
1943,75,70,311,1666272234,0.0,30,25,26,,WTI-22OCT20-B86.5,between,86.99,86.0,,$86 to 86.99,finalized,2022-10-20 13:23:54,2022-10-20
1944,86,79,356,1666272234,0.0,21,14,14,,WTI-22OCT20-B87.5,between,87.99,87.0,,$87 to 87.99,finalized,2022-10-20 13:23:54,2022-10-20
1945,86,81,356,1666272234,0.0,19,14,14,,WTI-22OCT20-B87.5,between,87.99,87.0,,$87 to 87.99,finalized,2022-10-20 13:23:54,2022-10-20
1946,85,81,356,1666272234,0.0,19,15,14,,WTI-22OCT20-B87.5,between,87.99,87.0,,$87 to 87.99,finalized,2022-10-20 13:23:54,2022-10-20
1947,75,73,296,1666272235,0.0,27,25,24,,WTI-22OCT20-B85.5,between,85.99,85.0,,$85 to 85.99,finalized,2022-10-20 13:23:55,2022-10-20
1948,75,55,296,1666272281,0.0,45,25,24,,WTI-22OCT20-B85.5,between,85.99,85.0,,$85 to 85.99,finalized,2022-10-20 13:24:41,2022-10-20
1949,89,70,311,1666272281,0.0,30,11,26,,WTI-22OCT20-B86.5,between,86.99,86.0,,$86 to 86.99,finalized,2022-10-20 13:24:41,2022-10-20
1950,89,68,311,1666272282,0.0,32,11,26,,WTI-22OCT20-B86.5,between,86.99,86.0,,$86 to 86.99,finalized,2022-10-20 13:24:42,2022-10-20
1951,89,66,311,1666272282,0.0,34,11,26,,WTI-22OCT20-B86.5,between,86.99,86.0,,$86 to 86.99,finalized,2022-10-20 13:24:42,2022-10-20
1952,86,81,356,1666272282,0.0,19,14,14,,WTI-22OCT20-B87.5,between,87.99,87.0,,$87 to 87.99,finalized,2022-10-20 13:24:42,2022-10-20
1953,90,55,346,1666272283,0.0,45,10,18,,WTI-22OCT20-B84.5,between,84.99,84.0,,$84 to 84.99,finalized,2022-10-20 13:24:43,2022-10-20
1954,89,55,311,1666272283,0.0,45,11,26,,WTI-22OCT20-B86.5,between,86.99,86.0,,$86 to 86.99,finalized,2022-10-20 13:24:43,2022-10-20
1955,86,55,356,1666272283,0.0,45,14,14,,WTI-22OCT20-B87.5,between,87.99,87.0,,$87 to 87.99,finalized,2022-10-20 13:24:43,2022-10-20
1956,96,92,422,1666272283,0.0,8,4,9,,WTI-22OCT20-B88.5,between,88.99,88.0,,$88 to 88.99,finalized,2022-10-20 13:24:43,2022-10-20
1957,99,95,476,1666272283,0.0,5,1,2,,WTI-22OCT20-T89.99,greater,,90.0,,$90 or higher,finalized,2022-10-20 13:24:43,2022-10-20
1958,90,81,346,1666272284,0.0,19,10,18,,WTI-22OCT20-B84.5,between,84.99,84.0,,$84 to 84.99,finalized,2022-10-20 13:24:44,2022-10-20
1959,90,85,346,1666272284,0.0,15,10,18,,WTI-22OCT20-B84.5,between,84.99,84.0,,$84 to 84.99,finalized,2022-10-20 13:24:44,2022-10-20
1960,89,85,346,1666272284,0.0,15,11,18,,WTI-22OCT20-B84.5,between,84.99,84.0,,$84 to 84.99,finalized,2022-10-20 13:24:44,2022-10-20
1961,75,70,296,1666272284,0.0,30,25,24,,WTI-22OCT20-B85.5,between,85.99,85.0,,$85 to 85.99,finalized,2022-10-20 13:24:44,2022-10-20
1962,76,55,311,1666272284,0.0,45,24,26,,WTI-22OCT20-B86.5,between,86.99,86.0,,$86 to 86.99,finalized,2022-10-20 13:24:44,2022-10-20
1963,76,71,311,1666272284,0.0,29,24,26,,WTI-22OCT20-B86.5,between,86.99,86.0,,$86 to 86.99,finalized,2022-10-20 13:24:44,2022-10-20
1964,86,82,356,1666272284,0.0,18,14,14,,WTI-22OCT20-B87.5,between,87.99,87.0,,$87 to 87.99,finalized,2022-10-20 13:24:44,2022-10-20
1965,99,96,410,1666272284,0.0,4,1,6,,WTI-22OCT20-B89.5,between,89.99,89.0,,$89 to 89.99,finalized,2022-10-20 13:24:44,2022-10-20
1966,75,72,296,1666272285,0.0,28,25,24,,WTI-22OCT20-B85.5,between,85.99,85.0,,$85 to 85.99,finalized,2022-10-20 13:24:45,2022-10-20
1967,99,96,476,1666272285,0.0,4,1,2,,WTI-22OCT20-T89.99,greater,,90.0,,$90 or higher,finalized,2022-10-20 13:24:45,2022-10-20
1968,75,70,376,1666272507,80.0,30,25,28,,WTI-22OCT20-B85.5,between,85.99,85.0,,$85 to 85.99,finalized,2022-10-20 13:28:27,2022-10-20
1969,75,68,376,1666272515,0.0,32,25,28,,WTI-22OCT20-B85.5,between,85.99,85.0,,$85 to 85.99,finalized,2022-10-20 13:28:35,2022-10-20
1970,75,55,376,1666272515,0.0,45,25,28,,WTI-22OCT20-B85.5,between,85.99,85.0,,$85 to 85.99,finalized,2022-10-20 13:28:35,2022-10-20
1971,87,82,356,1666272515,0.0,18,13,14,,WTI-22OCT20-B87.5,between,87.99,87.0,,$87 to 87.99,finalized,2022-10-20 13:28:35,2022-10-20
1972,96,91,422,1666272515,0.0,9,4,9,,WTI-22OCT20-B88.5,between,88.99,88.0,,$88 to 88.99,finalized,2022-10-20 13:28:35,2022-10-20
1973,99,95,410,1666272515,0.0,5,1,6,,WTI-22OCT20-B89.5,between,89.99,89.0,,$89 to 89.99,finalized,2022-10-20 13:28:35,2022-10-20
1974,99,94,410,1666272516,0.0,6,1,6,,WTI-22OCT20-B89.5,between,89.99,89.0,,$89 to 89.99,finalized,2022-10-20 13:28:36,2022-10-20
1975,99,55,410,1666272516,0.0,45,1,6,,WTI-22OCT20-B89.5,between,89.99,89.0,,$89 to 89.99,finalized,2022-10-20 13:28:36,2022-10-20
1976,96,93,453,1666272519,0.0,7,4,9,,WTI-22OCT20-B83.5,between,83.99,83.0,,$83 to 83.99,finalized,2022-10-20 13:28:39,2022-10-20
1977,75,69,376,1666272520,0.0,31,25,28,,WTI-22OCT20-B85.5,between,85.99,85.0,,$85 to 85.99,finalized,2022-10-20 13:28:40,2022-10-20
1978,75,71,376,1666272520,0.0,29,25,28,,WTI-22OCT20-B85.5,between,85.99,85.0,,$85 to 85.99,finalized,2022-10-20 13:28:40,2022-10-20
1979,96,92,422,1666272521,0.0,8,4,9,,WTI-22OCT20-B88.5,between,88.99,88.0,,$88 to 88.99,finalized,2022-10-20 13:28:41,2022-10-20
1980,99,95,410,1666272522,0.0,5,1,6,,WTI-22OCT20-B89.5,between,89.99,89.0,,$89 to 89.99,finalized,2022-10-20 13:28:42,2022-10-20
1981,99,96,410,1666272522,0.0,4,1,6,,WTI-22OCT20-B89.5,between,89.99,89.0,,$89 to 89.99,finalized,2022-10-20 13:28:42,2022-10-20
1982,98,93,453,1666272570,0.0,7,2,9,,WTI-22OCT20-B83.5,between,83.99,83.0,,$83 to 83.99,finalized,2022-10-20 13:29:30,2022-10-20
1983,75,55,376,1666272570,0.0,45,25,28,,WTI-22OCT20-B85.5,between,85.99,85.0,,$85 to 85.99,finalized,2022-10-20 13:29:30,2022-10-20
1984,76,55,311,1666272570,0.0,45,24,26,,WTI-22OCT20-B86.5,between,86.99,86.0,,$86 to 86.99,finalized,2022-10-20 13:29:30,2022-10-20
1985,80,55,311,1666272570,0.0,45,20,26,,WTI-22OCT20-B86.5,between,86.99,86.0,,$86 to 86.99,finalized,2022-10-20 13:29:30,2022-10-20
1986,87,80,356,1666272570,0.0,20,13,14,,WTI-22OCT20-B87.5,between,87.99,87.0,,$87 to 87.99,finalized,2022-10-20 13:29:30,2022-10-20
1987,87,55,356,1666272570,0.0,45,13,14,,WTI-22OCT20-B87.5,between,87.99,87.0,,$87 to 87.99,finalized,2022-10-20 13:29:30,2022-10-20
1988,89,55,311,1666272571,0.0,45,11,26,,WTI-22OCT20-B86.5,between,86.99,86.0,,$86 to 86.99,finalized,2022-10-20 13:29:31,2022-10-20
1989,97,93,453,1666272572,0.0,7,3,9,,WTI-22OCT20-B83.5,between,83.99,83.0,,$83 to 83.99,finalized,2022-10-20 13:29:32,2022-10-20
1990,75,68,376,1666272572,0.0,32,25,28,,WTI-22OCT20-B85.5,between,85.99,85.0,,$85 to 85.99,finalized,2022-10-20 13:29:32,2022-10-20
1991,75,70,376,1666272572,0.0,30,25,28,,WTI-22OCT20-B85.5,between,85.99,85.0,,$85 to 85.99,finalized,2022-10-20 13:29:32,2022-10-20
1992,77,55,311,1666272572,0.0,45,23,26,,WTI-22OCT20-B86.5,between,86.99,86.0,,$86 to 86.99,finalized,2022-10-20 13:29:32,2022-10-20
1993,77,72,311,1666272572,0.0,28,23,26,,WTI-22OCT20-B86.5,between,86.99,86.0,,$86 to 86.99,finalized,2022-10-20 13:29:32,2022-10-20
1994,87,81,356,1666272572,0.0,19,13,14,,WTI-22OCT20-B87.5,between,87.99,87.0,,$87 to 87.99,finalized,2022-10-20 13:29:32,2022-10-20
1995,87,83,356,1666272572,0.0,17,13,14,,WTI-22OCT20-B87.5,between,87.99,87.0,,$87 to 87.99,finalized,2022-10-20 13:29:32,2022-10-20
1996,89,83,346,1666272631,0.0,17,11,18,,WTI-22OCT20-B84.5,between,84.99,84.0,,$84 to 84.99,finalized,2022-10-20 13:30:31,2022-10-20
1997,75,66,376,1666272631,0.0,34,25,28,,WTI-22OCT20-B85.5,between,85.99,85.0,,$85 to 85.99,finalized,2022-10-20 13:30:31,2022-10-20
1998,75,55,376,1666272631,0.0,45,25,28,,WTI-22OCT20-B85.5,between,85.99,85.0,,$85 to 85.99,finalized,2022-10-20 13:30:31,2022-10-20
1999,100,96,476,1666272631,0.0,4,0,2,,WTI-22OCT20-T89.99,greater,,90.0,,$90 or higher,finalized,2022-10-20 13:30:31,2022-10-20
2000,97,92,453,1666272633,0.0,8,3,9,,WTI-22OCT20-B83.5,between,83.99,83.0,,$83 to 83.99,finalized,2022-10-20 13:30:33,2022-10-20
2001,89,83,356,1666272633,0.0,17,11,14,,WTI-22OCT20-B87.5,between,87.99,87.0,,$87 to 87.99,finalized,2022-10-20 13:30:33,2022-10-20
2002,100,96,410,1666272633,0.0,4,0,6,,WTI-22OCT20-B89.5,between,89.99,89.0,,$89 to 89.99,finalized,2022-10-20 13:30:33,2022-10-20
2003,89,55,356,1666272634,0.0,45,11,14,,WTI-22OCT20-B87.5,between,87.99,87.0,,$87 to 87.99,finalized,2022-10-20 13:30:34,2022-10-20
2004,75,65,376,1666272638,0.0,35,25,28,,WTI-22OCT20-B85.5,between,85.99,85.0,,$85 to 85.99,finalized,2022-10-20 13:30:38,2022-10-20
2005,75,67,376,1666272638,0.0,33,25,28,,WTI-22OCT20-B85.5,between,85.99,85.0,,$85 to 85.99,finalized,2022-10-20 13:30:38,2022-10-20
2006,75,69,376,1666272638,0.0,31,25,28,,WTI-22OCT20-B85.5,between,85.99,85.0,,$85 to 85.99,finalized,2022-10-20 13:30:38,2022-10-20
2007,89,84,356,1666272638,0.0,16,11,14,,WTI-22OCT20-B87.5,between,87.99,87.0,,$87 to 87.99,finalized,2022-10-20 13:30:38,2022-10-20
2008,96,93,422,1666272638,0.0,7,4,9,,WTI-22OCT20-B88.5,between,88.99,88.0,,$88 to 88.99,finalized,2022-10-20 13:30:38,2022-10-20
2009,96,92,453,1666272639,0.0,8,4,9,,WTI-22OCT20-B83.5,between,83.99,83.0,,$83 to 83.99,finalized,2022-10-20 13:30:39,2022-10-20
2010,74,69,376,1666272639,0.0,31,26,28,,WTI-22OCT20-B85.5,between,85.99,85.0,,$85 to 85.99,finalized,2022-10-20 13:30:39,2022-10-20
2011,88,83,346,1666272640,0.0,17,12,18,,WTI-22OCT20-B84.5,between,84.99,84.0,,$84 to 84.99,finalized,2022-10-20 13:30:40,2022-10-20
2012,75,69,376,1666272658,45.0,31,25,26,,WTI-22OCT20-B85.5,between,85.99,85.0,,$85 to 85.99,finalized,2022-10-20 13:30:58,2022-10-20
2013,79,72,356,1666272661,45.0,28,21,23,,WTI-22OCT20-B86.5,between,86.99,86.0,,$86 to 86.99,finalized,2022-10-20 13:31:01,2022-10-20
2014,79,78,356,1666272661,0.0,22,21,23,,WTI-22OCT20-B86.5,between,86.99,86.0,,$86 to 86.99,finalized,2022-10-20 13:31:01,2022-10-20
2015,97,96,410,1666272669,0.0,4,3,6,,WTI-22OCT20-B89.5,between,89.99,89.0,,$89 to 89.99,finalized,2022-10-20 13:31:09,2022-10-20
2016,97,96,476,1666272672,0.0,4,3,2,,WTI-22OCT20-T89.99,greater,,90.0,,$90 or higher,finalized,2022-10-20 13:31:12,2022-10-20
2017,76,69,428,1666272684,52.0,31,24,25,,WTI-22OCT20-B85.5,between,85.99,85.0,,$85 to 85.99,finalized,2022-10-20 13:31:24,2022-10-20
2018,79,72,356,1666272687,0.0,28,21,23,,WTI-22OCT20-B86.5,between,86.99,86.0,,$86 to 86.99,finalized,2022-10-20 13:31:27,2022-10-20
2019,79,78,356,1666272687,0.0,22,21,23,,WTI-22OCT20-B86.5,between,86.99,86.0,,$86 to 86.99,finalized,2022-10-20 13:31:27,2022-10-20
2020,88,81,346,1666272689,0.0,19,12,18,,WTI-22OCT20-B84.5,between,84.99,84.0,,$84 to 84.99,finalized,2022-10-20 13:31:29,2022-10-20
2021,88,79,346,1666272689,0.0,21,12,18,,WTI-22OCT20-B84.5,between,84.99,84.0,,$84 to 84.99,finalized,2022-10-20 13:31:29,2022-10-20
2022,88,55,346,1666272689,0.0,45,12,18,,WTI-22OCT20-B84.5,between,84.99,84.0,,$84 to 84.99,finalized,2022-10-20 13:31:29,2022-10-20
2023,76,65,428,1666272689,0.0,35,24,25,,WTI-22OCT20-B85.5,between,85.99,85.0,,$85 to 85.99,finalized,2022-10-20 13:31:29,2022-10-20
2024,93,65,428,1666272689,0.0,35,7,25,,WTI-22OCT20-B85.5,between,85.99,85.0,,$85 to 85.99,finalized,2022-10-20 13:31:29,2022-10-20
2025,93,55,428,1666272689,0.0,45,7,25,,WTI-22OCT20-B85.5,between,85.99,85.0,,$85 to 85.99,finalized,2022-10-20 13:31:29,2022-10-20
2026,100,95,410,1666272689,0.0,5,0,6,,WTI-22OCT20-B89.5,between,89.99,89.0,,$89 to 89.99,finalized,2022-10-20 13:31:29,2022-10-20
2027,100,55,410,1666272689,0.0,45,0,6,,WTI-22OCT20-B89.5,between,89.99,89.0,,$89 to 89.99,finalized,2022-10-20 13:31:29,2022-10-20
2028,100,96,476,1666272689,0.0,4,0,2,,WTI-22OCT20-T89.99,greater,,90.0,,$90 or higher,finalized,2022-10-20 13:31:29,2022-10-20
2029,100,55,476,1666272689,0.0,45,0,2,,WTI-22OCT20-T89.99,greater,,90.0,,$90 or higher,finalized,2022-10-20 13:31:29,2022-10-20
2030,100,94,106,1666272690,0.0,6,0,4,,WTI-22OCT20-B82.5,between,82.99,82.0,,$82 to 82.99,finalized,2022-10-20 13:31:30,2022-10-20
2031,93,66,428,1666272690,0.0,34,7,25,,WTI-22OCT20-B85.5,between,85.99,85.0,,$85 to 85.99,finalized,2022-10-20 13:31:30,2022-10-20
2032,77,66,428,1666272690,0.0,34,23,25,,WTI-22OCT20-B85.5,between,85.99,85.0,,$85 to 85.99,finalized,2022-10-20 13:31:30,2022-10-20
2033,75,66,428,1666272690,0.0,34,25,25,,WTI-22OCT20-B85.5,between,85.99,85.0,,$85 to 85.99,finalized,2022-10-20 13:31:30,2022-10-20
2034,100,95,106,1666272691,0.0,5,0,4,,WTI-22OCT20-B82.5,between,82.99,82.0,,$82 to 82.99,finalized,2022-10-20 13:31:31,2022-10-20
2035,100,96,106,1666272691,0.0,4,0,4,,WTI-22OCT20-B82.5,between,82.99,82.0,,$82 to 82.99,finalized,2022-10-20 13:31:31,2022-10-20
2036,88,84,346,1666272691,0.0,16,12,18,,WTI-22OCT20-B84.5,between,84.99,84.0,,$84 to 84.99,finalized,2022-10-20 13:31:31,2022-10-20
2037,75,70,428,1666272691,0.0,30,25,25,,WTI-22OCT20-B85.5,between,85.99,85.0,,$85 to 85.99,finalized,2022-10-20 13:31:31,2022-10-20
2038,88,84,356,1666272691,0.0,16,12,14,,WTI-22OCT20-B87.5,between,87.99,87.0,,$87 to 87.99,finalized,2022-10-20 13:31:31,2022-10-20
2039,100,95,121,1666272691,0.0,5,0,5,,WTI-22OCT20-T82,less,81.99,,,$81.99 or lower,finalized,2022-10-20 13:31:31,2022-10-20
2040,100,96,121,1666272691,0.0,4,0,5,,WTI-22OCT20-T82,less,81.99,,,$81.99 or lower,finalized,2022-10-20 13:31:31,2022-10-20
2041,96,93,453,1666272692,0.0,7,4,9,,WTI-22OCT20-B83.5,between,83.99,83.0,,$83 to 83.99,finalized,2022-10-20 13:31:32,2022-10-20
2042,78,72,356,1666272701,0.0,28,22,23,,WTI-22OCT20-B86.5,between,86.99,86.0,,$86 to 86.99,finalized,2022-10-20 13:31:41,2022-10-20
2043,79,72,356,1666272722,0.0,28,21,23,,WTI-22OCT20-B86.5,between,86.99,86.0,,$86 to 86.99,finalized,2022-10-20 13:32:02,2022-10-20
2044,97,96,106,1666272732,0.0,4,3,4,,WTI-22OCT20-B82.5,between,82.99,82.0,,$82 to 82.99,finalized,2022-10-20 13:32:12,2022-10-20
2045,97,55,106,1666272736,0.0,45,3,4,,WTI-22OCT20-B82.5,between,82.99,82.0,,$82 to 82.99,finalized,2022-10-20 13:32:16,2022-10-20
2046,89,84,346,1666272736,0.0,16,11,18,,WTI-22OCT20-B84.5,between,84.99,84.0,,$84 to 84.99,finalized,2022-10-20 13:32:16,2022-10-20
2047,79,55,356,1666272736,0.0,45,21,23,,WTI-22OCT20-B86.5,between,86.99,86.0,,$86 to 86.99,finalized,2022-10-20 13:32:16,2022-10-20
2048,88,82,356,1666272736,0.0,18,12,14,,WTI-22OCT20-B87.5,between,87.99,87.0,,$87 to 87.99,finalized,2022-10-20 13:32:16,2022-10-20
2049,88,55,356,1666272736,0.0,45,12,14,,WTI-22OCT20-B87.5,between,87.99,87.0,,$87 to 87.99,finalized,2022-10-20 13:32:16,2022-10-20
2050,100,95,121,1666272736,0.0,5,0,5,,WTI-22OCT20-T82,less,81.99,,,$81.99 or lower,finalized,2022-10-20 13:32:16,2022-10-20
2051,100,94,121,1666272736,0.0,6,0,5,,WTI-22OCT20-T82,less,81.99,,,$81.99 or lower,finalized,2022-10-20 13:32:16,2022-10-20
2052,100,55,121,1666272736,0.0,45,0,5,,WTI-22OCT20-T82,less,81.99,,,$81.99 or lower,finalized,2022-10-20 13:32:16,2022-10-20
2053,79,69,356,1666272738,0.0,31,21,23,,WTI-22OCT20-B86.5,between,86.99,86.0,,$86 to 86.99,finalized,2022-10-20 13:32:18,2022-10-20
2054,79,71,356,1666272738,0.0,29,21,23,,WTI-22OCT20-B86.5,between,86.99,86.0,,$86 to 86.99,finalized,2022-10-20 13:32:18,2022-10-20
2055,77,71,356,1666272738,0.0,29,23,23,,WTI-22OCT20-B86.5,between,86.99,86.0,,$86 to 86.99,finalized,2022-10-20 13:32:18,2022-10-20
2056,88,83,356,1666272738,0.0,17,12,14,,WTI-22OCT20-B87.5,between,87.99,87.0,,$87 to 87.99,finalized,2022-10-20 13:32:18,2022-10-20
2057,100,94,410,1666272738,0.0,6,0,6,,WTI-22OCT20-B89.5,between,89.99,89.0,,$89 to 89.99,finalized,2022-10-20 13:32:18,2022-10-20
2058,100,95,410,1666272738,0.0,5,0,6,,WTI-22OCT20-B89.5,between,89.99,89.0,,$89 to 89.99,finalized,2022-10-20 13:32:18,2022-10-20
2059,99,95,410,1666272738,0.0,5,1,6,,WTI-22OCT20-B89.5,between,89.99,89.0,,$89 to 89.99,finalized,2022-10-20 13:32:18,2022-10-20
2060,99,96,410,1666272738,0.0,4,1,6,,WTI-22OCT20-B89.5,between,89.99,89.0,,$89 to 89.99,finalized,2022-10-20 13:32:18,2022-10-20
2061,99,55,476,1666272738,0.0,45,1,2,,WTI-22OCT20-T89.99,greater,,90.0,,$90 or higher,finalized,2022-10-20 13:32:18,2022-10-20
2062,99,95,476,1666272738,0.0,5,1,2,,WTI-22OCT20-T89.99,greater,,90.0,,$90 or higher,finalized,2022-10-20 13:32:18,2022-10-20
2063,99,96,476,1666272738,0.0,4,1,2,,WTI-22OCT20-T89.99,greater,,90.0,,$90 or higher,finalized,2022-10-20 13:32:18,2022-10-20
2064,77,70,445,1666272739,68.0,30,23,25,,WTI-22OCT20-B85.5,between,85.99,85.0,,$85 to 85.99,finalized,2022-10-20 13:32:19,2022-10-20
2065,79,78,508,1666272740,63.0,22,21,23,,WTI-22OCT20-B85.5,between,85.99,85.0,,$85 to 85.99,finalized,2022-10-20 13:32:20,2022-10-20
2066,79,70,1101,1666272747,593.0,30,21,22,,WTI-22OCT20-B85.5,between,85.99,85.0,,$85 to 85.99,finalized,2022-10-20 13:32:27,2022-10-20
2067,97,55,121,1666272752,0.0,45,3,5,,WTI-22OCT20-T82,less,81.99,,,$81.99 or lower,finalized,2022-10-20 13:32:32,2022-10-20
2068,79,76,1101,1666272762,0.0,24,21,22,,WTI-22OCT20-B85.5,between,85.99,85.0,,$85 to 85.99,finalized,2022-10-20 13:32:42,2022-10-20
2069,79,71,432,1666272765,76.0,29,21,23,,WTI-22OCT20-B86.5,between,86.99,86.0,,$86 to 86.99,finalized,2022-10-20 13:32:45,2022-10-20
2070,79,68,1101,1666272776,0.0,32,21,22,,WTI-22OCT20-B85.5,between,85.99,85.0,,$85 to 85.99,finalized,2022-10-20 13:32:56,2022-10-20
2071,79,73,1101,1666272776,0.0,27,21,22,,WTI-22OCT20-B85.5,between,85.99,85.0,,$85 to 85.99,finalized,2022-10-20 13:32:56,2022-10-20
2072,79,70,432,1666272777,0.0,30,21,23,,WTI-22OCT20-B86.5,between,86.99,86.0,,$86 to 86.99,finalized,2022-10-20 13:32:57,2022-10-20
2073,79,72,432,1666272777,0.0,28,21,23,,WTI-22OCT20-B86.5,between,86.99,86.0,,$86 to 86.99,finalized,2022-10-20 13:32:57,2022-10-20
2074,87,83,356,1666272777,0.0,17,13,14,,WTI-22OCT20-B87.5,between,87.99,87.0,,$87 to 87.99,finalized,2022-10-20 13:32:57,2022-10-20
2075,79,75,1101,1666272778,0.0,25,21,22,,WTI-22OCT20-B85.5,between,85.99,85.0,,$85 to 85.99,finalized,2022-10-20 13:32:58,2022-10-20
2076,79,73,1056,1666272792,45.0,27,21,25,,WTI-22OCT20-B85.5,between,85.99,85.0,,$85 to 85.99,finalized,2022-10-20 13:33:12,2022-10-20
2077,79,70,432,1666272794,47.0,30,21,28,,WTI-22OCT20-B86.5,between,86.99,86.0,,$86 to 86.99,finalized,2022-10-20 13:33:14,2022-10-20
2078,78,73,1056,1666272808,0.0,27,22,25,,WTI-22OCT20-B85.5,between,85.99,85.0,,$85 to 85.99,finalized,2022-10-20 13:33:28,2022-10-20
2079,78,71,1056,1666272821,0.0,29,22,25,,WTI-22OCT20-B85.5,between,85.99,85.0,,$85 to 85.99,finalized,2022-10-20 13:33:41,2022-10-20
2080,96,92,453,1666272823,0.0,8,4,9,,WTI-22OCT20-B83.5,between,83.99,83.0,,$83 to 83.99,finalized,2022-10-20 13:33:43,2022-10-20
2081,97,92,453,1666272823,0.0,8,3,9,,WTI-22OCT20-B83.5,between,83.99,83.0,,$83 to 83.99,finalized,2022-10-20 13:33:43,2022-10-20
2082,89,82,346,1666272823,0.0,18,11,18,,WTI-22OCT20-B84.5,between,84.99,84.0,,$84 to 84.99,finalized,2022-10-20 13:33:43,2022-10-20
2083,78,55,1056,1666272823,0.0,45,22,25,,WTI-22OCT20-B85.5,between,85.99,85.0,,$85 to 85.99,finalized,2022-10-20 13:33:43,2022-10-20
2084,96,92,422,1666272823,0.0,8,4,9,,WTI-22OCT20-B88.5,between,88.99,88.0,,$88 to 88.99,finalized,2022-10-20 13:33:43,2022-10-20
2085,89,76,346,1666272824,0.0,24,11,18,,WTI-22OCT20-B84.5,between,84.99,84.0,,$84 to 84.99,finalized,2022-10-20 13:33:44,2022-10-20
2086,87,55,356,1666272824,0.0,45,13,14,,WTI-22OCT20-B87.5,between,87.99,87.0,,$87 to 87.99,finalized,2022-10-20 13:33:44,2022-10-20
2087,78,68,1056,1666272825,0.0,32,22,25,,WTI-22OCT20-B85.5,between,85.99,85.0,,$85 to 85.99,finalized,2022-10-20 13:33:45,2022-10-20
2088,78,72,1056,1666272825,0.0,28,22,25,,WTI-22OCT20-B85.5,between,85.99,85.0,,$85 to 85.99,finalized,2022-10-20 13:33:45,2022-10-20
2089,77,72,1056,1666272825,0.0,28,23,25,,WTI-22OCT20-B85.5,between,85.99,85.0,,$85 to 85.99,finalized,2022-10-20 13:33:45,2022-10-20
2090,89,83,346,1666272827,0.0,17,11,18,,WTI-22OCT20-B84.5,between,84.99,84.0,,$84 to 84.99,finalized,2022-10-20 13:33:47,2022-10-20
2091,77,70,432,1666272827,0.0,30,23,28,,WTI-22OCT20-B86.5,between,86.99,86.0,,$86 to 86.99,finalized,2022-10-20 13:33:47,2022-10-20
2092,89,85,346,1666272828,0.0,15,11,18,,WTI-22OCT20-B84.5,between,84.99,84.0,,$84 to 84.99,finalized,2022-10-20 13:33:48,2022-10-20
2093,75,70,432,1666272828,0.0,30,25,28,,WTI-22OCT20-B86.5,between,86.99,86.0,,$86 to 86.99,finalized,2022-10-20 13:33:48,2022-10-20
2094,87,80,356,1666272829,0.0,20,13,14,,WTI-22OCT20-B87.5,between,87.99,87.0,,$87 to 87.99,finalized,2022-10-20 13:33:49,2022-10-20
2095,87,82,356,1666272829,0.0,18,13,14,,WTI-22OCT20-B87.5,between,87.99,87.0,,$87 to 87.99,finalized,2022-10-20 13:33:49,2022-10-20
2096,97,93,453,1666272831,0.0,7,3,9,,WTI-22OCT20-B83.5,between,83.99,83.0,,$83 to 83.99,finalized,2022-10-20 13:33:51,2022-10-20
2097,77,70,1056,1666272879,0.0,30,23,25,,WTI-22OCT20-B85.5,between,85.99,85.0,,$85 to 85.99,finalized,2022-10-20 13:34:39,2022-10-20
2098,77,55,1056,1666272879,0.0,45,23,25,,WTI-22OCT20-B85.5,between,85.99,85.0,,$85 to 85.99,finalized,2022-10-20 13:34:39,2022-10-20
2099,89,83,346,1666272880,0.0,17,11,18,,WTI-22OCT20-B84.5,between,84.99,84.0,,$84 to 84.99,finalized,2022-10-20 13:34:40,2022-10-20
2100,89,70,432,1666272881,0.0,30,11,28,,WTI-22OCT20-B86.5,between,86.99,86.0,,$86 to 86.99,finalized,2022-10-20 13:34:41,2022-10-20
2101,89,55,432,1666272881,0.0,45,11,28,,WTI-22OCT20-B86.5,between,86.99,86.0,,$86 to 86.99,finalized,2022-10-20 13:34:41,2022-10-20
2102,77,65,1056,1666272882,0.0,35,23,25,,WTI-22OCT20-B85.5,between,85.99,85.0,,$85 to 85.99,finalized,2022-10-20 13:34:42,2022-10-20
2103,100,96,476,1666272884,0.0,4,0,2,,WTI-22OCT20-T89.99,greater,,90.0,,$90 or higher,finalized,2022-10-20 13:34:44,2022-10-20
2104,79,55,432,1666272885,0.0,45,21,28,,WTI-22OCT20-B86.5,between,86.99,86.0,,$86 to 86.99,finalized,2022-10-20 13:34:45,2022-10-20
2105,100,55,476,1666272885,0.0,45,0,2,,WTI-22OCT20-T89.99,greater,,90.0,,$90 or higher,finalized,2022-10-20 13:34:45,2022-10-20
2106,97,55,453,1666272886,0.0,45,3,9,,WTI-22OCT20-B83.5,between,83.99,83.0,,$83 to 83.99,finalized,2022-10-20 13:34:46,2022-10-20
2107,79,63,432,1666272886,0.0,37,21,28,,WTI-22OCT20-B86.5,between,86.99,86.0,,$86 to 86.99,finalized,2022-10-20 13:34:46,2022-10-20
2108,87,78,356,1666272886,0.0,22,13,14,,WTI-22OCT20-B87.5,between,87.99,87.0,,$87 to 87.99,finalized,2022-10-20 13:34:46,2022-10-20
2109,87,55,356,1666272886,0.0,45,13,14,,WTI-22OCT20-B87.5,between,87.99,87.0,,$87 to 87.99,finalized,2022-10-20 13:34:46,2022-10-20
2110,89,55,356,1666272886,0.0,45,11,14,,WTI-22OCT20-B87.5,between,87.99,87.0,,$87 to 87.99,finalized,2022-10-20 13:34:46,2022-10-20
2111,96,55,356,1666272886,0.0,45,4,14,,WTI-22OCT20-B87.5,between,87.99,87.0,,$87 to 87.99,finalized,2022-10-20 13:34:46,2022-10-20
2112,99,94,410,1666272886,0.0,6,1,6,,WTI-22OCT20-B89.5,between,89.99,89.0,,$89 to 89.99,finalized,2022-10-20 13:34:46,2022-10-20
2113,100,94,410,1666272886,0.0,6,0,6,,WTI-22OCT20-B89.5,between,89.99,89.0,,$89 to 89.99,finalized,2022-10-20 13:34:46,2022-10-20
2114,100,55,410,1666272886,0.0,45,0,6,,WTI-22OCT20-B89.5,between,89.99,89.0,,$89 to 89.99,finalized,2022-10-20 13:34:46,2022-10-20
2115,77,69,1056,1666272888,0.0,31,23,25,,WTI-22OCT20-B85.5,between,85.99,85.0,,$85 to 85.99,finalized,2022-10-20 13:34:48,2022-10-20
2116,75,69,1056,1666272888,0.0,31,25,25,,WTI-22OCT20-B85.5,between,85.99,85.0,,$85 to 85.99,finalized,2022-10-20 13:34:48,2022-10-20
2117,79,73,432,1666272889,0.0,27,21,28,,WTI-22OCT20-B86.5,between,86.99,86.0,,$86 to 86.99,finalized,2022-10-20 13:34:49,2022-10-20
2118,87,55,356,1666272889,0.0,45,13,14,,WTI-22OCT20-B87.5,between,87.99,87.0,,$87 to 87.99,finalized,2022-10-20 13:34:49,2022-10-20
2119,87,74,356,1666272889,0.0,26,13,14,,WTI-22OCT20-B87.5,between,87.99,87.0,,$87 to 87.99,finalized,2022-10-20 13:34:49,2022-10-20
2120,87,83,346,1666272890,0.0,17,13,18,,WTI-22OCT20-B84.5,between,84.99,84.0,,$84 to 84.99,finalized,2022-10-20 13:34:50,2022-10-20
2121,78,73,432,1666272890,0.0,27,22,28,,WTI-22OCT20-B86.5,between,86.99,86.0,,$86 to 86.99,finalized,2022-10-20 13:34:50,2022-10-20
2122,96,93,422,1666272891,0.0,7,4,9,,WTI-22OCT20-B88.5,between,88.99,88.0,,$88 to 88.99,finalized,2022-10-20 13:34:51,2022-10-20
2123,100,94,476,1666272891,0.0,6,0,2,,WTI-22OCT20-T89.99,greater,,90.0,,$90 or higher,finalized,2022-10-20 13:34:51,2022-10-20
2124,100,96,476,1666272891,0.0,4,0,2,,WTI-22OCT20-T89.99,greater,,90.0,,$90 or higher,finalized,2022-10-20 13:34:51,2022-10-20
2125,97,91,453,1666272893,0.0,9,3,9,,WTI-22OCT20-B83.5,between,83.99,83.0,,$83 to 83.99,finalized,2022-10-20 13:34:53,2022-10-20
2126,78,69,1056,1666272893,258.0,31,22,23,,WTI-22OCT20-B85.5,between,85.99,85.0,,$85 to 85.99,finalized,2022-10-20 13:34:53,2022-10-20
2127,87,83,356,1666272893,0.0,17,13,14,,WTI-22OCT20-B87.5,between,87.99,87.0,,$87 to 87.99,finalized,2022-10-20 13:34:53,2022-10-20
2128,100,94,410,1666272893,0.0,6,0,6,,WTI-22OCT20-B89.5,between,89.99,89.0,,$89 to 89.99,finalized,2022-10-20 13:34:53,2022-10-20
2129,100,95,410,1666272893,0.0,5,0,6,,WTI-22OCT20-B89.5,between,89.99,89.0,,$89 to 89.99,finalized,2022-10-20 13:34:53,2022-10-20
2130,96,91,453,1666272894,0.0,9,4,9,,WTI-22OCT20-B83.5,between,83.99,83.0,,$83 to 83.99,finalized,2022-10-20 13:34:54,2022-10-20
2131,96,92,453,1666272894,0.0,8,4,9,,WTI-22OCT20-B83.5,between,83.99,83.0,,$83 to 83.99,finalized,2022-10-20 13:34:54,2022-10-20
2132,87,85,356,1666272894,0.0,15,13,14,,WTI-22OCT20-B87.5,between,87.99,87.0,,$87 to 87.99,finalized,2022-10-20 13:34:54,2022-10-20
2133,100,96,410,1666272894,0.0,4,0,6,,WTI-22OCT20-B89.5,between,89.99,89.0,,$89 to 89.99,finalized,2022-10-20 13:34:54,2022-10-20
2134,79,69,1056,1666272910,0.0,31,21,23,,WTI-22OCT20-B85.5,between,85.99,85.0,,$85 to 85.99,finalized,2022-10-20 13:35:10,2022-10-20
2135,78,71,432,1666272965,113.0,29,22,27,,WTI-22OCT20-B86.5,between,86.99,86.0,,$86 to 86.99,finalized,2022-10-20 13:36:05,2022-10-20
2136,87,55,346,1666272971,0.0,45,13,18,,WTI-22OCT20-B84.5,between,84.99,84.0,,$84 to 84.99,finalized,2022-10-20 13:36:11,2022-10-20
2137,80,69,1056,1666272971,0.0,31,20,23,,WTI-22OCT20-B85.5,between,85.99,85.0,,$85 to 85.99,finalized,2022-10-20 13:36:11,2022-10-20
2138,89,55,346,1666272972,0.0,45,11,18,,WTI-22OCT20-B84.5,between,84.99,84.0,,$84 to 84.99,finalized,2022-10-20 13:36:12,2022-10-20
2139,100,69,1056,1666272973,0.0,31,0,23,,WTI-22OCT20-B85.5,between,85.99,85.0,,$85 to 85.99,finalized,2022-10-20 13:36:13,2022-10-20
2140,89,83,356,1666272973,0.0,17,11,14,,WTI-22OCT20-B87.5,between,87.99,87.0,,$87 to 87.99,finalized,2022-10-20 13:36:13,2022-10-20
2141,100,55,410,1666272974,0.0,45,0,6,,WTI-22OCT20-B89.5,between,89.99,89.0,,$89 to 89.99,finalized,2022-10-20 13:36:14,2022-10-20
2142,100,55,476,1666272975,0.0,45,0,2,,WTI-22OCT20-T89.99,greater,,90.0,,$90 or higher,finalized,2022-10-20 13:36:15,2022-10-20
2143,100,96,106,1666272977,0.0,4,0,4,,WTI-22OCT20-B82.5,between,82.99,82.0,,$82 to 82.99,finalized,2022-10-20 13:36:17,2022-10-20
2144,96,93,453,1666272979,0.0,7,4,9,,WTI-22OCT20-B83.5,between,83.99,83.0,,$83 to 83.99,finalized,2022-10-20 13:36:19,2022-10-20
2145,89,80,346,1666272979,0.0,20,11,18,,WTI-22OCT20-B84.5,between,84.99,84.0,,$84 to 84.99,finalized,2022-10-20 13:36:19,2022-10-20
2146,89,82,346,1666272979,0.0,18,11,18,,WTI-22OCT20-B84.5,between,84.99,84.0,,$84 to 84.99,finalized,2022-10-20 13:36:19,2022-10-20
2147,78,69,1056,1666272979,0.0,31,22,23,,WTI-22OCT20-B85.5,between,85.99,85.0,,$85 to 85.99,finalized,2022-10-20 13:36:19,2022-10-20
2148,76,69,1056,1666272979,0.0,31,24,23,,WTI-22OCT20-B85.5,between,85.99,85.0,,$85 to 85.99,finalized,2022-10-20 13:36:19,2022-10-20
2149,76,71,432,1666272979,0.0,29,24,27,,WTI-22OCT20-B86.5,between,86.99,86.0,,$86 to 86.99,finalized,2022-10-20 13:36:19,2022-10-20
2150,87,83,356,1666272979,0.0,17,13,14,,WTI-22OCT20-B87.5,between,87.99,87.0,,$87 to 87.99,finalized,2022-10-20 13:36:19,2022-10-20
2151,100,94,121,1666272979,0.0,6,0,5,,WTI-22OCT20-T82,less,81.99,,,$81.99 or lower,finalized,2022-10-20 13:36:19,2022-10-20
2152,100,95,121,1666272979,0.0,5,0,5,,WTI-22OCT20-T82,less,81.99,,,$81.99 or lower,finalized,2022-10-20 13:36:19,2022-10-20
2153,100,96,121,1666272979,0.0,4,0,5,,WTI-22OCT20-T82,less,81.99,,,$81.99 or lower,finalized,2022-10-20 13:36:19,2022-10-20
2154,89,84,346,1666272980,0.0,16,11,18,,WTI-22OCT20-B84.5,between,84.99,84.0,,$84 to 84.99,finalized,2022-10-20 13:36:20,2022-10-20
2155,76,71,1056,1666272980,0.0,29,24,23,,WTI-22OCT20-B85.5,between,85.99,85.0,,$85 to 85.99,finalized,2022-10-20 13:36:20,2022-10-20
2156,78,71,1056,1666272989,61.0,29,22,24,,WTI-22OCT20-B85.5,between,85.99,85.0,,$85 to 85.99,finalized,2022-10-20 13:36:29,2022-10-20
2157,100,95,106,1666273016,0.0,5,0,4,,WTI-22OCT20-B82.5,between,82.99,82.0,,$82 to 82.99,finalized,2022-10-20 13:36:56,2022-10-20
2158,89,82,346,1666273016,0.0,18,11,18,,WTI-22OCT20-B84.5,between,84.99,84.0,,$84 to 84.99,finalized,2022-10-20 13:36:56,2022-10-20
2159,90,82,346,1666273016,0.0,18,10,18,,WTI-22OCT20-B84.5,between,84.99,84.0,,$84 to 84.99,finalized,2022-10-20 13:36:56,2022-10-20
2160,80,71,1056,1666273016,0.0,29,20,24,,WTI-22OCT20-B85.5,between,85.99,85.0,,$85 to 85.99,finalized,2022-10-20 13:36:56,2022-10-20
2161,76,69,432,1666273016,0.0,31,24,27,,WTI-22OCT20-B86.5,between,86.99,86.0,,$86 to 86.99,finalized,2022-10-20 13:36:56,2022-10-20
2162,77,69,432,1666273016,0.0,31,23,27,,WTI-22OCT20-B86.5,between,86.99,86.0,,$86 to 86.99,finalized,2022-10-20 13:36:56,2022-10-20
2163,100,55,106,1666273017,0.0,45,0,4,,WTI-22OCT20-B82.5,between,82.99,82.0,,$82 to 82.99,finalized,2022-10-20 13:36:57,2022-10-20
2164,90,55,346,1666273017,0.0,45,10,18,,WTI-22OCT20-B84.5,between,84.99,84.0,,$84 to 84.99,finalized,2022-10-20 13:36:57,2022-10-20
2165,81,71,1056,1666273017,0.0,29,19,24,,WTI-22OCT20-B85.5,between,85.99,85.0,,$85 to 85.99,finalized,2022-10-20 13:36:57,2022-10-20
2166,81,68,1056,1666273017,0.0,32,19,24,,WTI-22OCT20-B85.5,between,85.99,85.0,,$85 to 85.99,finalized,2022-10-20 13:36:57,2022-10-20
2167,77,64,432,1666273017,0.0,36,23,27,,WTI-22OCT20-B86.5,between,86.99,86.0,,$86 to 86.99,finalized,2022-10-20 13:36:57,2022-10-20
2168,80,55,1056,1666273035,0.0,45,20,24,,WTI-22OCT20-B85.5,between,85.99,85.0,,$85 to 85.99,finalized,2022-10-20 13:37:15,2022-10-20
2169,80,67,1056,1666273035,0.0,33,20,24,,WTI-22OCT20-B85.5,between,85.99,85.0,,$85 to 85.99,finalized,2022-10-20 13:37:15,2022-10-20
2170,78,55,432,1666273039,0.0,45,22,27,,WTI-22OCT20-B86.5,between,86.99,86.0,,$86 to 86.99,finalized,2022-10-20 13:37:19,2022-10-20
2171,78,65,432,1666273039,0.0,35,22,27,,WTI-22OCT20-B86.5,between,86.99,86.0,,$86 to 86.99,finalized,2022-10-20 13:37:19,2022-10-20
2172,97,93,453,1666273059,0.0,7,3,9,,WTI-22OCT20-B83.5,between,83.99,83.0,,$83 to 83.99,finalized,2022-10-20 13:37:39,2022-10-20
2173,83,55,1056,1666273059,0.0,45,17,24,,WTI-22OCT20-B85.5,between,85.99,85.0,,$85 to 85.99,finalized,2022-10-20 13:37:39,2022-10-20
2174,81,55,1056,1666273059,1841.0,45,19,24,,WTI-22OCT20-B85.5,between,85.99,85.0,,$85 to 85.99,finalized,2022-10-20 13:37:39,2022-10-20
2175,79,55,1056,1666273059,0.0,45,21,24,,WTI-22OCT20-B85.5,between,85.99,85.0,,$85 to 85.99,finalized,2022-10-20 13:37:39,2022-10-20
2176,79,72,1056,1666273059,0.0,28,21,24,,WTI-22OCT20-B85.5,between,85.99,85.0,,$85 to 85.99,finalized,2022-10-20 13:37:39,2022-10-20
2177,87,79,356,1666273059,0.0,21,13,14,,WTI-22OCT20-B87.5,between,87.99,87.0,,$87 to 87.99,finalized,2022-10-20 13:37:39,2022-10-20
2178,87,55,356,1666273059,0.0,45,13,14,,WTI-22OCT20-B87.5,between,87.99,87.0,,$87 to 87.99,finalized,2022-10-20 13:37:39,2022-10-20
2179,98,93,453,1666273060,0.0,7,2,9,,WTI-22OCT20-B83.5,between,83.99,83.0,,$83 to 83.99,finalized,2022-10-20 13:37:40,2022-10-20
2180,79,74,1056,1666273060,0.0,26,21,24,,WTI-22OCT20-B85.5,between,85.99,85.0,,$85 to 85.99,finalized,2022-10-20 13:37:40,2022-10-20
2181,96,92,422,1666273060,0.0,8,4,9,,WTI-22OCT20-B88.5,between,88.99,88.0,,$88 to 88.99,finalized,2022-10-20 13:37:40,2022-10-20
2182,100,55,121,1666273060,0.0,45,0,5,,WTI-22OCT20-T82,less,81.99,,,$81.99 or lower,finalized,2022-10-20 13:37:40,2022-10-20
2183,90,81,346,1666273061,0.0,19,10,18,,WTI-22OCT20-B84.5,between,84.99,84.0,,$84 to 84.99,finalized,2022-10-20 13:37:41,2022-10-20
2184,90,83,346,1666273061,0.0,17,10,18,,WTI-22OCT20-B84.5,between,84.99,84.0,,$84 to 84.99,finalized,2022-10-20 13:37:41,2022-10-20
2185,89,83,346,1666273061,0.0,17,11,18,,WTI-22OCT20-B84.5,between,84.99,84.0,,$84 to 84.99,finalized,2022-10-20 13:37:41,2022-10-20
2186,89,85,346,1666273061,0.0,15,11,18,,WTI-22OCT20-B84.5,between,84.99,84.0,,$84 to 84.99,finalized,2022-10-20 13:37:41,2022-10-20
2187,89,67,432,1666273061,0.0,33,11,27,,WTI-22OCT20-B86.5,between,86.99,86.0,,$86 to 86.99,finalized,2022-10-20 13:37:41,2022-10-20
2188,74,67,432,1666273061,0.0,33,26,27,,WTI-22OCT20-B86.5,between,86.99,86.0,,$86 to 86.99,finalized,2022-10-20 13:37:41,2022-10-20
2189,74,69,432,1666273061,0.0,31,26,27,,WTI-22OCT20-B86.5,between,86.99,86.0,,$86 to 86.99,finalized,2022-10-20 13:37:41,2022-10-20
2190,87,80,356,1666273061,0.0,20,13,14,,WTI-22OCT20-B87.5,between,87.99,87.0,,$87 to 87.99,finalized,2022-10-20 13:37:41,2022-10-20
2191,87,82,356,1666273061,0.0,18,13,14,,WTI-22OCT20-B87.5,between,87.99,87.0,,$87 to 87.99,finalized,2022-10-20 13:37:41,2022-10-20
2192,86,82,356,1666273061,0.0,18,14,14,,WTI-22OCT20-B87.5,between,87.99,87.0,,$87 to 87.99,finalized,2022-10-20 13:37:41,2022-10-20
2193,99,55,410,1666273061,0.0,45,1,6,,WTI-22OCT20-B89.5,between,89.99,89.0,,$89 to 89.99,finalized,2022-10-20 13:37:41,2022-10-20
2194,100,95,476,1666273061,0.0,5,0,2,,WTI-22OCT20-T89.99,greater,,90.0,,$90 or higher,finalized,2022-10-20 13:37:41,2022-10-20
2195,99,95,476,1666273061,0.0,5,1,2,,WTI-22OCT20-T89.99,greater,,90.0,,$90 or higher,finalized,2022-10-20 13:37:41,2022-10-20
2196,99,96,476,1666273061,0.0,4,1,2,,WTI-22OCT20-T89.99,greater,,90.0,,$90 or higher,finalized,2022-10-20 13:37:41,2022-10-20
2197,97,93,453,1666273063,646.0,7,3,9,,WTI-22OCT20-B83.5,between,83.99,83.0,,$83 to 83.99,finalized,2022-10-20 13:37:43,2022-10-20
2198,99,94,410,1666273063,0.0,6,1,6,,WTI-22OCT20-B89.5,between,89.99,89.0,,$89 to 89.99,finalized,2022-10-20 13:37:43,2022-10-20
2199,99,96,410,1666273063,0.0,4,1,6,,WTI-22OCT20-B89.5,between,89.99,89.0,,$89 to 89.99,finalized,2022-10-20 13:37:43,2022-10-20
2200,89,83,346,1666273119,0.0,17,11,18,,WTI-22OCT20-B84.5,between,84.99,84.0,,$84 to 84.99,finalized,2022-10-20 13:38:39,2022-10-20
2201,89,81,346,1666273119,0.0,19,11,18,,WTI-22OCT20-B84.5,between,84.99,84.0,,$84 to 84.99,finalized,2022-10-20 13:38:39,2022-10-20
2202,89,55,346,1666273119,0.0,45,11,18,,WTI-22OCT20-B84.5,between,84.99,84.0,,$84 to 84.99,finalized,2022-10-20 13:38:39,2022-10-20
2203,79,72,1056,1666273119,0.0,28,21,24,,WTI-22OCT20-B85.5,between,85.99,85.0,,$85 to 85.99,finalized,2022-10-20 13:38:39,2022-10-20
2204,79,70,1056,1666273119,0.0,30,21,24,,WTI-22OCT20-B85.5,between,85.99,85.0,,$85 to 85.99,finalized,2022-10-20 13:38:39,2022-10-20
2205,79,66,1056,1666273119,0.0,34,21,24,,WTI-22OCT20-B85.5,between,85.99,85.0,,$85 to 85.99,finalized,2022-10-20 13:38:39,2022-10-20
2206,86,80,356,1666273119,0.0,20,14,14,,WTI-22OCT20-B87.5,between,87.99,87.0,,$87 to 87.99,finalized,2022-10-20 13:38:39,2022-10-20
2207,90,55,346,1666273120,0.0,45,10,18,,WTI-22OCT20-B84.5,between,84.99,84.0,,$84 to 84.99,finalized,2022-10-20 13:38:40,2022-10-20
2208,90,86,346,1666273121,0.0,14,10,18,,WTI-22OCT20-B84.5,between,84.99,84.0,,$84 to 84.99,finalized,2022-10-20 13:38:41,2022-10-20
2209,79,75,1056,1666273121,0.0,25,21,24,,WTI-22OCT20-B85.5,between,85.99,85.0,,$85 to 85.99,finalized,2022-10-20 13:38:41,2022-10-20
2210,97,94,453,1666273123,0.0,6,3,9,,WTI-22OCT20-B83.5,between,83.99,83.0,,$83 to 83.99,finalized,2022-10-20 13:38:43,2022-10-20
2211,85,80,356,1666273123,0.0,20,15,14,,WTI-22OCT20-B87.5,between,87.99,87.0,,$87 to 87.99,finalized,2022-10-20 13:38:43,2022-10-20
2212,95,92,422,1666273123,0.0,8,5,9,,WTI-22OCT20-B88.5,between,88.99,88.0,,$88 to 88.99,finalized,2022-10-20 13:38:43,2022-10-20
2213,80,75,1056,1666273142,0.0,25,20,24,,WTI-22OCT20-B85.5,between,85.99,85.0,,$85 to 85.99,finalized,2022-10-20 13:39:02,2022-10-20
2214,79,75,1056,1666273169,0.0,25,21,24,,WTI-22OCT20-B85.5,between,85.99,85.0,,$85 to 85.99,finalized,2022-10-20 13:39:29,2022-10-20
2215,74,67,432,1666273176,0.0,33,26,27,,WTI-22OCT20-B86.5,between,86.99,86.0,,$86 to 86.99,finalized,2022-10-20 13:39:36,2022-10-20
2216,78,67,432,1666273177,0.0,33,22,27,,WTI-22OCT20-B86.5,between,86.99,86.0,,$86 to 86.99,finalized,2022-10-20 13:39:37,2022-10-20
2217,78,55,432,1666273177,0.0,45,22,27,,WTI-22OCT20-B86.5,between,86.99,86.0,,$86 to 86.99,finalized,2022-10-20 13:39:37,2022-10-20
2218,100,96,410,1666273178,0.0,4,0,6,,WTI-22OCT20-B89.5,between,89.99,89.0,,$89 to 89.99,finalized,2022-10-20 13:39:38,2022-10-20
2219,95,91,422,1666273179,0.0,9,5,9,,WTI-22OCT20-B88.5,between,88.99,88.0,,$88 to 88.99,finalized,2022-10-20 13:39:39,2022-10-20
2220,100,96,476,1666273179,0.0,4,0,2,,WTI-22OCT20-T89.99,greater,,90.0,,$90 or higher,finalized,2022-10-20 13:39:39,2022-10-20
2221,90,84,412,1666273180,66.0,16,10,14,,WTI-22OCT20-B84.5,between,84.99,84.0,,$84 to 84.99,finalized,2022-10-20 13:39:40,2022-10-20
2222,90,86,412,1666273180,0.0,14,10,14,,WTI-22OCT20-B84.5,between,84.99,84.0,,$84 to 84.99,finalized,2022-10-20 13:39:40,2022-10-20
2223,78,68,432,1666273180,0.0,32,22,27,,WTI-22OCT20-B86.5,between,86.99,86.0,,$86 to 86.99,finalized,2022-10-20 13:39:40,2022-10-20
2224,73,68,432,1666273180,0.0,32,27,27,,WTI-22OCT20-B86.5,between,86.99,86.0,,$86 to 86.99,finalized,2022-10-20 13:39:40,2022-10-20
2225,90,86,412,1666273183,6.0,14,10,10,,WTI-22OCT20-B84.5,between,84.99,84.0,,$84 to 84.99,finalized,2022-10-20 13:39:43,2022-10-20
2226,90,84,456,1666273185,44.0,16,10,14,,WTI-22OCT20-B84.5,between,84.99,84.0,,$84 to 84.99,finalized,2022-10-20 13:39:45,2022-10-20
2227,99,96,410,1666273186,0.0,4,1,6,,WTI-22OCT20-B89.5,between,89.99,89.0,,$89 to 89.99,finalized,2022-10-20 13:39:46,2022-10-20
2228,99,96,476,1666273186,0.0,4,1,2,,WTI-22OCT20-T89.99,greater,,90.0,,$90 or higher,finalized,2022-10-20 13:39:46,2022-10-20
2229,82,75,1056,1666273262,0.0,25,18,24,,WTI-22OCT20-B85.5,between,85.99,85.0,,$85 to 85.99,finalized,2022-10-20 13:41:02,2022-10-20
2230,82,73,1056,1666273262,0.0,27,18,24,,WTI-22OCT20-B85.5,between,85.99,85.0,,$85 to 85.99,finalized,2022-10-20 13:41:02,2022-10-20
2231,84,73,1056,1666273262,0.0,27,16,24,,WTI-22OCT20-B85.5,between,85.99,85.0,,$85 to 85.99,finalized,2022-10-20 13:41:02,2022-10-20
2232,84,71,1056,1666273262,0.0,29,16,24,,WTI-22OCT20-B85.5,between,85.99,85.0,,$85 to 85.99,finalized,2022-10-20 13:41:02,2022-10-20
2233,100,71,1056,1666273262,0.0,29,0,24,,WTI-22OCT20-B85.5,between,85.99,85.0,,$85 to 85.99,finalized,2022-10-20 13:41:02,2022-10-20
2234,100,55,1056,1666273262,0.0,45,0,24,,WTI-22OCT20-B85.5,between,85.99,85.0,,$85 to 85.99,finalized,2022-10-20 13:41:02,2022-10-20
2235,75,68,432,1666273262,0.0,32,25,27,,WTI-22OCT20-B86.5,between,86.99,86.0,,$86 to 86.99,finalized,2022-10-20 13:41:02,2022-10-20
2236,89,68,432,1666273262,0.0,32,11,27,,WTI-22OCT20-B86.5,between,86.99,86.0,,$86 to 86.99,finalized,2022-10-20 13:41:02,2022-10-20
2237,89,64,432,1666273262,0.0,36,11,27,,WTI-22OCT20-B86.5,between,86.99,86.0,,$86 to 86.99,finalized,2022-10-20 13:41:02,2022-10-20
2238,89,55,432,1666273262,0.0,45,11,27,,WTI-22OCT20-B86.5,between,86.99,86.0,,$86 to 86.99,finalized,2022-10-20 13:41:02,2022-10-20
2239,90,55,456,1666273263,0.0,45,10,14,,WTI-22OCT20-B84.5,between,84.99,84.0,,$84 to 84.99,finalized,2022-10-20 13:41:03,2022-10-20
2240,85,78,356,1666273263,0.0,22,15,14,,WTI-22OCT20-B87.5,between,87.99,87.0,,$87 to 87.99,finalized,2022-10-20 13:41:03,2022-10-20
2241,85,76,356,1666273263,0.0,24,15,14,,WTI-22OCT20-B87.5,between,87.99,87.0,,$87 to 87.99,finalized,2022-10-20 13:41:03,2022-10-20
2242,86,76,356,1666273263,0.0,24,14,14,,WTI-22OCT20-B87.5,between,87.99,87.0,,$87 to 87.99,finalized,2022-10-20 13:41:03,2022-10-20
2243,96,91,422,1666273263,0.0,9,4,9,,WTI-22OCT20-B88.5,between,88.99,88.0,,$88 to 88.99,finalized,2022-10-20 13:41:03,2022-10-20
2244,99,95,476,1666273263,0.0,5,1,2,,WTI-22OCT20-T89.99,greater,,90.0,,$90 or higher,finalized,2022-10-20 13:41:03,2022-10-20
2245,97,92,453,1666273265,0.0,8,3,9,,WTI-22OCT20-B83.5,between,83.99,83.0,,$83 to 83.99,finalized,2022-10-20 13:41:05,2022-10-20
2246,98,92,453,1666273265,0.0,8,2,9,,WTI-22OCT20-B83.5,between,83.99,83.0,,$83 to 83.99,finalized,2022-10-20 13:41:05,2022-10-20
2247,83,55,1056,1666273265,0.0,45,17,24,,WTI-22OCT20-B85.5,between,85.99,85.0,,$85 to 85.99,finalized,2022-10-20 13:41:05,2022-10-20
2248,86,55,356,1666273265,0.0,45,14,14,,WTI-22OCT20-B87.5,between,87.99,87.0,,$87 to 87.99,finalized,2022-10-20 13:41:05,2022-10-20
2249,99,95,410,1666273265,0.0,5,1,6,,WTI-22OCT20-B89.5,between,89.99,89.0,,$89 to 89.99,finalized,2022-10-20 13:41:05,2022-10-20
2250,90,83,456,1666273266,0.0,17,10,14,,WTI-22OCT20-B84.5,between,84.99,84.0,,$84 to 84.99,finalized,2022-10-20 13:41:06,2022-10-20
2251,89,83,456,1666273266,0.0,17,11,14,,WTI-22OCT20-B84.5,between,84.99,84.0,,$84 to 84.99,finalized,2022-10-20 13:41:06,2022-10-20
2252,89,85,456,1666273266,0.0,15,11,14,,WTI-22OCT20-B84.5,between,84.99,84.0,,$84 to 84.99,finalized,2022-10-20 13:41:06,2022-10-20
2253,83,72,1056,1666273266,0.0,28,17,24,,WTI-22OCT20-B85.5,between,85.99,85.0,,$85 to 85.99,finalized,2022-10-20 13:41:06,2022-10-20
2254,81,72,1056,1666273266,0.0,28,19,24,,WTI-22OCT20-B85.5,between,85.99,85.0,,$85 to 85.99,finalized,2022-10-20 13:41:06,2022-10-20
2255,81,74,1056,1666273266,0.0,26,19,24,,WTI-22OCT20-B85.5,between,85.99,85.0,,$85 to 85.99,finalized,2022-10-20 13:41:06,2022-10-20
2256,76,55,432,1666273266,0.0,45,24,27,,WTI-22OCT20-B86.5,between,86.99,86.0,,$86 to 86.99,finalized,2022-10-20 13:41:06,2022-10-20
2257,76,69,432,1666273266,0.0,31,24,27,,WTI-22OCT20-B86.5,between,86.99,86.0,,$86 to 86.99,finalized,2022-10-20 13:41:06,2022-10-20
2258,74,69,432,1666273266,0.0,31,26,27,,WTI-22OCT20-B86.5,between,86.99,86.0,,$86 to 86.99,finalized,2022-10-20 13:41:06,2022-10-20
2259,79,74,1056,1666273267,0.0,26,21,24,,WTI-22OCT20-B85.5,between,85.99,85.0,,$85 to 85.99,finalized,2022-10-20 13:41:07,2022-10-20
2260,97,92,453,1666273268,0.0,8,3,9,,WTI-22OCT20-B83.5,between,83.99,83.0,,$83 to 83.99,finalized,2022-10-20 13:41:08,2022-10-20
2261,97,93,453,1666273268,0.0,7,3,9,,WTI-22OCT20-B83.5,between,83.99,83.0,,$83 to 83.99,finalized,2022-10-20 13:41:08,2022-10-20
2262,86,79,356,1666273268,0.0,21,14,14,,WTI-22OCT20-B87.5,between,87.99,87.0,,$87 to 87.99,finalized,2022-10-20 13:41:08,2022-10-20
2263,86,81,356,1666273268,0.0,19,14,14,,WTI-22OCT20-B87.5,between,87.99,87.0,,$87 to 87.99,finalized,2022-10-20 13:41:08,2022-10-20
2264,96,92,422,1666273268,0.0,8,4,9,,WTI-22OCT20-B88.5,between,88.99,88.0,,$88 to 88.99,finalized,2022-10-20 13:41:08,2022-10-20
2265,99,96,410,1666273268,0.0,4,1,6,,WTI-22OCT20-B89.5,between,89.99,89.0,,$89 to 89.99,finalized,2022-10-20 13:41:08,2022-10-20
2266,99,96,476,1666273268,0.0,4,1,2,,WTI-22OCT20-T89.99,greater,,90.0,,$90 or higher,finalized,2022-10-20 13:41:08,2022-10-20
2267,79,55,1056,1666273366,0.0,45,21,24,,WTI-22OCT20-B85.5,between,85.99,85.0,,$85 to 85.99,finalized,2022-10-20 13:42:46,2022-10-20
2268,99,95,410,1666273368,0.0,5,1,6,,WTI-22OCT20-B89.5,between,89.99,89.0,,$89 to 89.99,finalized,2022-10-20 13:42:48,2022-10-20
2269,100,95,410,1666273368,0.0,5,0,6,,WTI-22OCT20-B89.5,between,89.99,89.0,,$89 to 89.99,finalized,2022-10-20 13:42:48,2022-10-20
2270,100,94,410,1666273368,0.0,6,0,6,,WTI-22OCT20-B89.5,between,89.99,89.0,,$89 to 89.99,finalized,2022-10-20 13:42:48,2022-10-20
2271,100,55,410,1666273368,0.0,45,0,6,,WTI-22OCT20-B89.5,between,89.99,89.0,,$89 to 89.99,finalized,2022-10-20 13:42:48,2022-10-20
2272,99,95,476,1666273368,0.0,5,1,2,,WTI-22OCT20-T89.99,greater,,90.0,,$90 or higher,finalized,2022-10-20 13:42:48,2022-10-20
2273,100,95,476,1666273368,0.0,5,0,2,,WTI-22OCT20-T89.99,greater,,90.0,,$90 or higher,finalized,2022-10-20 13:42:48,2022-10-20
2274,100,55,476,1666273368,0.0,45,0,2,,WTI-22OCT20-T89.99,greater,,90.0,,$90 or higher,finalized,2022-10-20 13:42:48,2022-10-20
2275,79,75,1056,1666273373,0.0,25,21,24,,WTI-22OCT20-B85.5,between,85.99,85.0,,$85 to 85.99,finalized,2022-10-20 13:42:53,2022-10-20
2276,85,81,356,1666273373,0.0,19,15,14,,WTI-22OCT20-B87.5,between,87.99,87.0,,$87 to 87.99,finalized,2022-10-20 13:42:53,2022-10-20
2277,95,92,422,1666273373,0.0,8,5,9,,WTI-22OCT20-B88.5,between,88.99,88.0,,$88 to 88.99,finalized,2022-10-20 13:42:53,2022-10-20
2278,89,83,456,1666273434,0.0,17,11,14,,WTI-22OCT20-B84.5,between,84.99,84.0,,$84 to 84.99,finalized,2022-10-20 13:43:54,2022-10-20
2279,78,69,432,1666273434,0.0,31,22,27,,WTI-22OCT20-B86.5,between,86.99,86.0,,$86 to 86.99,finalized,2022-10-20 13:43:54,2022-10-20
2280,89,55,456,1666273435,0.0,45,11,14,,WTI-22OCT20-B84.5,between,84.99,84.0,,$84 to 84.99,finalized,2022-10-20 13:43:55,2022-10-20
2281,79,73,1056,1666273435,0.0,27,21,24,,WTI-22OCT20-B85.5,between,85.99,85.0,,$85 to 85.99,finalized,2022-10-20 13:43:55,2022-10-20
2282,79,71,1056,1666273435,0.0,29,21,24,,WTI-22OCT20-B85.5,between,85.99,85.0,,$85 to 85.99,finalized,2022-10-20 13:43:55,2022-10-20
2283,100,71,1056,1666273435,0.0,29,0,24,,WTI-22OCT20-B85.5,between,85.99,85.0,,$85 to 85.99,finalized,2022-10-20 13:43:55,2022-10-20
2284,96,81,356,1666273435,0.0,19,4,14,,WTI-22OCT20-B87.5,between,87.99,87.0,,$87 to 87.99,finalized,2022-10-20 13:43:55,2022-10-20
2285,96,77,356,1666273435,738.0,23,4,14,,WTI-22OCT20-B87.5,between,87.99,87.0,,$87 to 87.99,finalized,2022-10-20 13:43:55,2022-10-20
2286,96,55,356,1666273435,0.0,45,4,14,,WTI-22OCT20-B87.5,between,87.99,87.0,,$87 to 87.99,finalized,2022-10-20 13:43:55,2022-10-20
2287,96,92,422,1666273435,0.0,8,4,9,,WTI-22OCT20-B88.5,between,88.99,88.0,,$88 to 88.99,finalized,2022-10-20 13:43:55,2022-10-20
2288,91,55,456,1666273436,0.0,45,9,14,,WTI-22OCT20-B84.5,between,84.99,84.0,,$84 to 84.99,finalized,2022-10-20 13:43:56,2022-10-20
2289,100,55,456,1666273436,0.0,45,0,14,,WTI-22OCT20-B84.5,between,84.99,84.0,,$84 to 84.99,finalized,2022-10-20 13:43:56,2022-10-20
2290,98,93,453,1666273484,0.0,7,2,9,,WTI-22OCT20-B83.5,between,83.99,83.0,,$83 to 83.99,finalized,2022-10-20 13:44:44,2022-10-20
2291,100,93,453,1666273484,0.0,7,0,9,,WTI-22OCT20-B83.5,between,83.99,83.0,,$83 to 83.99,finalized,2022-10-20 13:44:44,2022-10-20
2292,100,91,453,1666273484,0.0,9,0,9,,WTI-22OCT20-B83.5,between,83.99,83.0,,$83 to 83.99,finalized,2022-10-20 13:44:44,2022-10-20
2293,100,55,453,1666273486,0.0,45,0,9,,WTI-22OCT20-B83.5,between,83.99,83.0,,$83 to 83.99,finalized,2022-10-20 13:44:46,2022-10-20
2294,96,55,422,1666273486,0.0,45,4,9,,WTI-22OCT20-B88.5,between,88.99,88.0,,$88 to 88.99,finalized,2022-10-20 13:44:46,2022-10-20
2295,89,69,432,1666273487,0.0,31,11,27,,WTI-22OCT20-B86.5,between,86.99,86.0,,$86 to 86.99,finalized,2022-10-20 13:44:47,2022-10-20
2296,89,55,432,1666273488,0.0,45,11,27,,WTI-22OCT20-B86.5,between,86.99,86.0,,$86 to 86.99,finalized,2022-10-20 13:44:48,2022-10-20
2297,100,55,1056,1666273489,0.0,45,0,24,,WTI-22OCT20-B85.5,between,85.99,85.0,,$85 to 85.99,finalized,2022-10-20 13:44:49,2022-10-20
2298,96,55,456,1666273639,0.0,45,4,14,,WTI-22OCT20-B84.5,between,84.99,84.0,,$84 to 84.99,finalized,2022-10-20 13:47:19,2022-10-20
2299,83,55,1056,1666273642,0.0,45,17,24,,WTI-22OCT20-B85.5,between,85.99,85.0,,$85 to 85.99,finalized,2022-10-20 13:47:22,2022-10-20
2300,83,71,1056,1666273642,0.0,29,17,24,,WTI-22OCT20-B85.5,between,85.99,85.0,,$85 to 85.99,finalized,2022-10-20 13:47:22,2022-10-20
2301,76,55,432,1666273645,0.0,45,24,27,,WTI-22OCT20-B86.5,between,86.99,86.0,,$86 to 86.99,finalized,2022-10-20 13:47:25,2022-10-20
2302,76,63,432,1666273646,0.0,37,24,27,,WTI-22OCT20-B86.5,between,86.99,86.0,,$86 to 86.99,finalized,2022-10-20 13:47:26,2022-10-20
2303,85,55,356,1666273649,0.0,45,15,14,,WTI-22OCT20-B87.5,between,87.99,87.0,,$87 to 87.99,finalized,2022-10-20 13:47:29,2022-10-20
2304,85,73,356,1666273649,0.0,27,15,14,,WTI-22OCT20-B87.5,between,87.99,87.0,,$87 to 87.99,finalized,2022-10-20 13:47:29,2022-10-20
2305,95,55,456,1666273668,0.0,45,5,14,,WTI-22OCT20-B84.5,between,84.99,84.0,,$84 to 84.99,finalized,2022-10-20 13:47:48,2022-10-20
2306,82,55,1056,1666273670,0.0,45,18,24,,WTI-22OCT20-B85.5,between,85.99,85.0,,$85 to 85.99,finalized,2022-10-20 13:47:50,2022-10-20
2307,82,69,1056,1666273671,0.0,31,18,24,,WTI-22OCT20-B85.5,between,85.99,85.0,,$85 to 85.99,finalized,2022-10-20 13:47:51,2022-10-20
2308,77,55,432,1666273674,0.0,45,23,27,,WTI-22OCT20-B86.5,between,86.99,86.0,,$86 to 86.99,finalized,2022-10-20 13:47:54,2022-10-20
2309,77,64,432,1666273674,0.0,36,23,27,,WTI-22OCT20-B86.5,between,86.99,86.0,,$86 to 86.99,finalized,2022-10-20 13:47:54,2022-10-20
2310,85,55,356,1666273678,0.0,45,15,14,,WTI-22OCT20-B87.5,between,87.99,87.0,,$87 to 87.99,finalized,2022-10-20 13:47:58,2022-10-20
2311,85,73,356,1666273678,0.0,27,15,14,,WTI-22OCT20-B87.5,between,87.99,87.0,,$87 to 87.99,finalized,2022-10-20 13:47:58,2022-10-20
2312,82,55,1056,1666273699,0.0,45,18,24,,WTI-22OCT20-B85.5,between,85.99,85.0,,$85 to 85.99,finalized,2022-10-20 13:48:19,2022-10-20
2313,82,69,1056,1666273699,0.0,31,18,24,,WTI-22OCT20-B85.5,between,85.99,85.0,,$85 to 85.99,finalized,2022-10-20 13:48:19,2022-10-20
2314,77,55,432,1666273702,0.0,45,23,27,,WTI-22OCT20-B86.5,between,86.99,86.0,,$86 to 86.99,finalized,2022-10-20 13:48:22,2022-10-20
2315,77,64,432,1666273702,0.0,36,23,27,,WTI-22OCT20-B86.5,between,86.99,86.0,,$86 to 86.99,finalized,2022-10-20 13:48:22,2022-10-20
2316,85,55,356,1666273706,0.0,45,15,14,,WTI-22OCT20-B87.5,between,87.99,87.0,,$87 to 87.99,finalized,2022-10-20 13:48:26,2022-10-20
2317,85,73,356,1666273706,0.0,27,15,14,,WTI-22OCT20-B87.5,between,87.99,87.0,,$87 to 87.99,finalized,2022-10-20 13:48:26,2022-10-20
2318,94,55,456,1666273724,0.0,45,6,14,,WTI-22OCT20-B84.5,between,84.99,84.0,,$84 to 84.99,finalized,2022-10-20 13:48:44,2022-10-20
2319,81,55,1056,1666273727,0.0,45,19,24,,WTI-22OCT20-B85.5,between,85.99,85.0,,$85 to 85.99,finalized,2022-10-20 13:48:47,2022-10-20
2320,81,68,1056,1666273727,0.0,32,19,24,,WTI-22OCT20-B85.5,between,85.99,85.0,,$85 to 85.99,finalized,2022-10-20 13:48:47,2022-10-20
2321,77,55,432,1666273731,0.0,45,23,27,,WTI-22OCT20-B86.5,between,86.99,86.0,,$86 to 86.99,finalized,2022-10-20 13:48:51,2022-10-20
2322,77,64,432,1666273731,0.0,36,23,27,,WTI-22OCT20-B86.5,between,86.99,86.0,,$86 to 86.99,finalized,2022-10-20 13:48:51,2022-10-20
2323,86,55,356,1666273734,0.0,45,14,14,,WTI-22OCT20-B87.5,between,87.99,87.0,,$87 to 87.99,finalized,2022-10-20 13:48:54,2022-10-20
2324,86,75,356,1666273735,0.0,25,14,14,,WTI-22OCT20-B87.5,between,87.99,87.0,,$87 to 87.99,finalized,2022-10-20 13:48:55,2022-10-20
2325,80,55,1056,1666273755,0.0,45,20,24,,WTI-22OCT20-B85.5,between,85.99,85.0,,$85 to 85.99,finalized,2022-10-20 13:49:15,2022-10-20
2326,80,67,1056,1666273756,0.0,33,20,24,,WTI-22OCT20-B85.5,between,85.99,85.0,,$85 to 85.99,finalized,2022-10-20 13:49:16,2022-10-20
2327,77,55,432,1666273759,0.0,45,23,27,,WTI-22OCT20-B86.5,between,86.99,86.0,,$86 to 86.99,finalized,2022-10-20 13:49:19,2022-10-20
2328,77,64,432,1666273759,0.0,36,23,27,,WTI-22OCT20-B86.5,between,86.99,86.0,,$86 to 86.99,finalized,2022-10-20 13:49:19,2022-10-20
2329,86,55,356,1666273763,0.0,45,14,14,,WTI-22OCT20-B87.5,between,87.99,87.0,,$87 to 87.99,finalized,2022-10-20 13:49:23,2022-10-20
2330,86,75,356,1666273763,0.0,25,14,14,,WTI-22OCT20-B87.5,between,87.99,87.0,,$87 to 87.99,finalized,2022-10-20 13:49:23,2022-10-20
2331,81,55,1056,1666273784,0.0,45,19,24,,WTI-22OCT20-B85.5,between,85.99,85.0,,$85 to 85.99,finalized,2022-10-20 13:49:44,2022-10-20
2332,81,68,1056,1666273784,0.0,32,19,24,,WTI-22OCT20-B85.5,between,85.99,85.0,,$85 to 85.99,finalized,2022-10-20 13:49:44,2022-10-20
2333,77,55,432,1666273787,0.0,45,23,27,,WTI-22OCT20-B86.5,between,86.99,86.0,,$86 to 86.99,finalized,2022-10-20 13:49:47,2022-10-20
2334,77,64,432,1666273787,0.0,36,23,27,,WTI-22OCT20-B86.5,between,86.99,86.0,,$86 to 86.99,finalized,2022-10-20 13:49:47,2022-10-20
2335,86,55,356,1666273791,0.0,45,14,14,,WTI-22OCT20-B87.5,between,87.99,87.0,,$87 to 87.99,finalized,2022-10-20 13:49:51,2022-10-20
2336,86,75,356,1666273791,0.0,25,14,14,,WTI-22OCT20-B87.5,between,87.99,87.0,,$87 to 87.99,finalized,2022-10-20 13:49:51,2022-10-20
2337,95,55,456,1666273809,0.0,45,5,14,,WTI-22OCT20-B84.5,between,84.99,84.0,,$84 to 84.99,finalized,2022-10-20 13:50:09,2022-10-20
2338,81,55,1056,1666273812,0.0,45,19,24,,WTI-22OCT20-B85.5,between,85.99,85.0,,$85 to 85.99,finalized,2022-10-20 13:50:12,2022-10-20
2339,81,68,1056,1666273812,0.0,32,19,24,,WTI-22OCT20-B85.5,between,85.99,85.0,,$85 to 85.99,finalized,2022-10-20 13:50:12,2022-10-20
2340,77,55,432,1666273815,0.0,45,23,27,,WTI-22OCT20-B86.5,between,86.99,86.0,,$86 to 86.99,finalized,2022-10-20 13:50:15,2022-10-20
2341,77,64,432,1666273816,0.0,36,23,27,,WTI-22OCT20-B86.5,between,86.99,86.0,,$86 to 86.99,finalized,2022-10-20 13:50:16,2022-10-20
2342,85,55,356,1666273819,0.0,45,15,14,,WTI-22OCT20-B87.5,between,87.99,87.0,,$87 to 87.99,finalized,2022-10-20 13:50:19,2022-10-20
2343,85,73,356,1666273819,0.0,27,15,14,,WTI-22OCT20-B87.5,between,87.99,87.0,,$87 to 87.99,finalized,2022-10-20 13:50:19,2022-10-20
2344,82,55,1056,1666273840,0.0,45,18,24,,WTI-22OCT20-B85.5,between,85.99,85.0,,$85 to 85.99,finalized,2022-10-20 13:50:40,2022-10-20
2345,82,69,1056,1666273840,0.0,31,18,24,,WTI-22OCT20-B85.5,between,85.99,85.0,,$85 to 85.99,finalized,2022-10-20 13:50:40,2022-10-20
2346,76,55,432,1666273844,0.0,45,24,27,,WTI-22OCT20-B86.5,between,86.99,86.0,,$86 to 86.99,finalized,2022-10-20 13:50:44,2022-10-20
2347,76,63,432,1666273844,0.0,37,24,27,,WTI-22OCT20-B86.5,between,86.99,86.0,,$86 to 86.99,finalized,2022-10-20 13:50:44,2022-10-20
2348,84,55,356,1666273847,0.0,45,16,14,,WTI-22OCT20-B87.5,between,87.99,87.0,,$87 to 87.99,finalized,2022-10-20 13:50:47,2022-10-20
2349,84,72,356,1666273848,0.0,28,16,14,,WTI-22OCT20-B87.5,between,87.99,87.0,,$87 to 87.99,finalized,2022-10-20 13:50:48,2022-10-20
2350,96,55,456,1666273866,0.0,45,4,14,,WTI-22OCT20-B84.5,between,84.99,84.0,,$84 to 84.99,finalized,2022-10-20 13:51:06,2022-10-20
2351,84,55,1056,1666273868,0.0,45,16,24,,WTI-22OCT20-B85.5,between,85.99,85.0,,$85 to 85.99,finalized,2022-10-20 13:51:08,2022-10-20
2352,84,71,1056,1666273868,0.0,29,16,24,,WTI-22OCT20-B85.5,between,85.99,85.0,,$85 to 85.99,finalized,2022-10-20 13:51:08,2022-10-20
2353,76,55,432,1666273872,0.0,45,24,27,,WTI-22OCT20-B86.5,between,86.99,86.0,,$86 to 86.99,finalized,2022-10-20 13:51:12,2022-10-20
2354,76,63,432,1666273872,660.0,37,24,27,,WTI-22OCT20-B86.5,between,86.99,86.0,,$86 to 86.99,finalized,2022-10-20 13:51:12,2022-10-20
2355,84,55,356,1666273876,0.0,45,16,14,,WTI-22OCT20-B87.5,between,87.99,87.0,,$87 to 87.99,finalized,2022-10-20 13:51:16,2022-10-20
2356,84,71,356,1666273876,0.0,29,16,14,,WTI-22OCT20-B87.5,between,87.99,87.0,,$87 to 87.99,finalized,2022-10-20 13:51:16,2022-10-20
2357,84,55,1056,1666273897,0.0,45,16,24,,WTI-22OCT20-B85.5,between,85.99,85.0,,$85 to 85.99,finalized,2022-10-20 13:51:37,2022-10-20
2358,84,71,1056,1666273897,0.0,29,16,24,,WTI-22OCT20-B85.5,between,85.99,85.0,,$85 to 85.99,finalized,2022-10-20 13:51:37,2022-10-20
2359,76,55,432,1666273900,0.0,45,24,27,,WTI-22OCT20-B86.5,between,86.99,86.0,,$86 to 86.99,finalized,2022-10-20 13:51:40,2022-10-20
2360,76,63,432,1666273901,0.0,37,24,27,,WTI-22OCT20-B86.5,between,86.99,86.0,,$86 to 86.99,finalized,2022-10-20 13:51:41,2022-10-20
2361,84,55,356,1666273904,0.0,45,16,14,,WTI-22OCT20-B87.5,between,87.99,87.0,,$87 to 87.99,finalized,2022-10-20 13:51:44,2022-10-20
2362,84,71,356,1666273904,0.0,29,16,14,,WTI-22OCT20-B87.5,between,87.99,87.0,,$87 to 87.99,finalized,2022-10-20 13:51:44,2022-10-20
2363,84,55,1056,1666273925,0.0,45,16,24,,WTI-22OCT20-B85.5,between,85.99,85.0,,$85 to 85.99,finalized,2022-10-20 13:52:05,2022-10-20
2364,84,71,1056,1666273925,0.0,29,16,24,,WTI-22OCT20-B85.5,between,85.99,85.0,,$85 to 85.99,finalized,2022-10-20 13:52:05,2022-10-20
2365,76,55,432,1666273929,0.0,45,24,27,,WTI-22OCT20-B86.5,between,86.99,86.0,,$86 to 86.99,finalized,2022-10-20 13:52:09,2022-10-20
2366,76,63,432,1666273929,0.0,37,24,27,,WTI-22OCT20-B86.5,between,86.99,86.0,,$86 to 86.99,finalized,2022-10-20 13:52:09,2022-10-20
2367,82,55,356,1666273933,0.0,45,18,14,,WTI-22OCT20-B87.5,between,87.99,87.0,,$87 to 87.99,finalized,2022-10-20 13:52:13,2022-10-20
2368,82,69,356,1666273933,0.0,31,18,14,,WTI-22OCT20-B87.5,between,87.99,87.0,,$87 to 87.99,finalized,2022-10-20 13:52:13,2022-10-20
2369,95,55,422,1666273937,0.0,45,5,9,,WTI-22OCT20-B88.5,between,88.99,88.0,,$88 to 88.99,finalized,2022-10-20 13:52:17,2022-10-20
2370,97,55,456,1666273951,0.0,45,3,14,,WTI-22OCT20-B84.5,between,84.99,84.0,,$84 to 84.99,finalized,2022-10-20 13:52:31,2022-10-20
2371,86,55,1056,1666273954,0.0,45,14,24,,WTI-22OCT20-B85.5,between,85.99,85.0,,$85 to 85.99,finalized,2022-10-20 13:52:34,2022-10-20
2372,86,74,1056,1666273954,0.0,26,14,24,,WTI-22OCT20-B85.5,between,85.99,85.0,,$85 to 85.99,finalized,2022-10-20 13:52:34,2022-10-20
2373,77,55,432,1666273957,0.0,45,23,27,,WTI-22OCT20-B86.5,between,86.99,86.0,,$86 to 86.99,finalized,2022-10-20 13:52:37,2022-10-20
2374,77,64,432,1666273957,0.0,36,23,27,,WTI-22OCT20-B86.5,between,86.99,86.0,,$86 to 86.99,finalized,2022-10-20 13:52:37,2022-10-20
2375,80,55,356,1666273961,0.0,45,20,14,,WTI-22OCT20-B87.5,between,87.99,87.0,,$87 to 87.99,finalized,2022-10-20 13:52:41,2022-10-20
2376,80,67,356,1666273961,0.0,33,20,14,,WTI-22OCT20-B87.5,between,87.99,87.0,,$87 to 87.99,finalized,2022-10-20 13:52:41,2022-10-20
2377,94,55,422,1666273965,0.0,45,6,9,,WTI-22OCT20-B88.5,between,88.99,88.0,,$88 to 88.99,finalized,2022-10-20 13:52:45,2022-10-20
2378,87,55,1056,1666273982,0.0,45,13,24,,WTI-22OCT20-B85.5,between,85.99,85.0,,$85 to 85.99,finalized,2022-10-20 13:53:02,2022-10-20
2379,87,76,1056,1666273982,0.0,24,13,24,,WTI-22OCT20-B85.5,between,85.99,85.0,,$85 to 85.99,finalized,2022-10-20 13:53:02,2022-10-20
2380,77,55,432,1666273985,0.0,45,23,27,,WTI-22OCT20-B86.5,between,86.99,86.0,,$86 to 86.99,finalized,2022-10-20 13:53:05,2022-10-20
2381,77,64,432,1666273986,0.0,36,23,27,,WTI-22OCT20-B86.5,between,86.99,86.0,,$86 to 86.99,finalized,2022-10-20 13:53:06,2022-10-20
2382,81,55,356,1666273989,0.0,45,19,14,,WTI-22OCT20-B87.5,between,87.99,87.0,,$87 to 87.99,finalized,2022-10-20 13:53:09,2022-10-20
2383,81,68,356,1666273989,0.0,32,19,14,,WTI-22OCT20-B87.5,between,87.99,87.0,,$87 to 87.99,finalized,2022-10-20 13:53:09,2022-10-20
2384,86,55,1056,1666274010,0.0,45,14,24,,WTI-22OCT20-B85.5,between,85.99,85.0,,$85 to 85.99,finalized,2022-10-20 13:53:30,2022-10-20
2385,86,74,1056,1666274010,0.0,26,14,24,,WTI-22OCT20-B85.5,between,85.99,85.0,,$85 to 85.99,finalized,2022-10-20 13:53:30,2022-10-20
2386,77,55,432,1666274014,0.0,45,23,27,,WTI-22OCT20-B86.5,between,86.99,86.0,,$86 to 86.99,finalized,2022-10-20 13:53:34,2022-10-20
2387,77,64,432,1666274014,0.0,36,23,27,,WTI-22OCT20-B86.5,between,86.99,86.0,,$86 to 86.99,finalized,2022-10-20 13:53:34,2022-10-20
2388,81,55,356,1666274017,0.0,45,19,14,,WTI-22OCT20-B87.5,between,87.99,87.0,,$87 to 87.99,finalized,2022-10-20 13:53:37,2022-10-20
2389,81,68,356,1666274018,0.0,32,19,14,,WTI-22OCT20-B87.5,between,87.99,87.0,,$87 to 87.99,finalized,2022-10-20 13:53:38,2022-10-20
2390,74,64,432,1666274026,0.0,36,26,27,,WTI-22OCT20-B86.5,between,86.99,86.0,,$86 to 86.99,finalized,2022-10-20 13:53:46,2022-10-20
2391,72,64,432,1666274026,0.0,36,28,27,,WTI-22OCT20-B86.5,between,86.99,86.0,,$86 to 86.99,finalized,2022-10-20 13:53:46,2022-10-20
2392,94,55,456,1666274028,0.0,45,6,14,,WTI-22OCT20-B84.5,between,84.99,84.0,,$84 to 84.99,finalized,2022-10-20 13:53:48,2022-10-20
2393,94,88,456,1666274028,0.0,12,6,14,,WTI-22OCT20-B84.5,between,84.99,84.0,,$84 to 84.99,finalized,2022-10-20 13:53:48,2022-10-20
2394,94,89,456,1666274028,0.0,11,6,14,,WTI-22OCT20-B84.5,between,84.99,84.0,,$84 to 84.99,finalized,2022-10-20 13:53:48,2022-10-20
2395,93,89,456,1666274028,0.0,11,7,14,,WTI-22OCT20-B84.5,between,84.99,84.0,,$84 to 84.99,finalized,2022-10-20 13:53:48,2022-10-20
2396,72,67,432,1666274028,0.0,33,28,27,,WTI-22OCT20-B86.5,between,86.99,86.0,,$86 to 86.99,finalized,2022-10-20 13:53:48,2022-10-20
2397,94,89,422,1666274028,0.0,11,6,9,,WTI-22OCT20-B88.5,between,88.99,88.0,,$88 to 88.99,finalized,2022-10-20 13:53:48,2022-10-20
2398,93,89,422,1666274028,0.0,11,7,9,,WTI-22OCT20-B88.5,between,88.99,88.0,,$88 to 88.99,finalized,2022-10-20 13:53:48,2022-10-20
2399,100,94,476,1666274028,0.0,6,0,2,,WTI-22OCT20-T89.99,greater,,90.0,,$90 or higher,finalized,2022-10-20 13:53:48,2022-10-20
2400,99,94,476,1666274028,0.0,6,1,2,,WTI-22OCT20-T89.99,greater,,90.0,,$90 or higher,finalized,2022-10-20 13:53:48,2022-10-20
2401,99,96,476,1666274028,0.0,4,1,2,,WTI-22OCT20-T89.99,greater,,90.0,,$90 or higher,finalized,2022-10-20 13:53:48,2022-10-20
2402,100,95,453,1666274030,0.0,5,0,9,,WTI-22OCT20-B83.5,between,83.99,83.0,,$83 to 83.99,finalized,2022-10-20 13:53:50,2022-10-20
2403,99,95,453,1666274030,0.0,5,1,9,,WTI-22OCT20-B83.5,between,83.99,83.0,,$83 to 83.99,finalized,2022-10-20 13:53:50,2022-10-20
2404,98,95,453,1666274030,0.0,5,2,9,,WTI-22OCT20-B83.5,between,83.99,83.0,,$83 to 83.99,finalized,2022-10-20 13:53:50,2022-10-20
2405,81,73,356,1666274030,0.0,27,19,14,,WTI-22OCT20-B87.5,between,87.99,87.0,,$87 to 87.99,finalized,2022-10-20 13:53:50,2022-10-20
2406,80,73,356,1666274030,0.0,27,20,14,,WTI-22OCT20-B87.5,between,87.99,87.0,,$87 to 87.99,finalized,2022-10-20 13:53:50,2022-10-20
2407,80,75,356,1666274030,0.0,25,20,14,,WTI-22OCT20-B87.5,between,87.99,87.0,,$87 to 87.99,finalized,2022-10-20 13:53:50,2022-10-20
2408,100,94,410,1666274030,0.0,6,0,6,,WTI-22OCT20-B89.5,between,89.99,89.0,,$89 to 89.99,finalized,2022-10-20 13:53:50,2022-10-20
2409,98,94,410,1666274030,0.0,6,2,6,,WTI-22OCT20-B89.5,between,89.99,89.0,,$89 to 89.99,finalized,2022-10-20 13:53:50,2022-10-20
2410,98,95,410,1666274030,0.0,5,2,6,,WTI-22OCT20-B89.5,between,89.99,89.0,,$89 to 89.99,finalized,2022-10-20 13:53:50,2022-10-20
2411,100,79,1056,1666274034,0.0,21,0,24,,WTI-22OCT20-B85.5,between,85.99,85.0,,$85 to 85.99,finalized,2022-10-20 13:53:54,2022-10-20
2412,87,79,1056,1666274034,0.0,21,13,24,,WTI-22OCT20-B85.5,between,85.99,85.0,,$85 to 85.99,finalized,2022-10-20 13:53:54,2022-10-20
2413,86,79,1056,1666274034,0.0,21,14,24,,WTI-22OCT20-B85.5,between,85.99,85.0,,$85 to 85.99,finalized,2022-10-20 13:53:54,2022-10-20
2414,84,79,1056,1666274034,0.0,21,16,24,,WTI-22OCT20-B85.5,between,85.99,85.0,,$85 to 85.99,finalized,2022-10-20 13:53:54,2022-10-20
2415,72,63,497,1666274036,126.0,37,28,35,,WTI-22OCT20-B86.5,between,86.99,86.0,,$86 to 86.99,finalized,2022-10-20 13:53:56,2022-10-20
2416,80,55,583,1666274040,227.0,45,20,29,,WTI-22OCT20-B87.5,between,87.99,87.0,,$87 to 87.99,finalized,2022-10-20 13:54:00,2022-10-20
2417,72,64,497,1666274042,0.0,36,28,35,,WTI-22OCT20-B86.5,between,86.99,86.0,,$86 to 86.99,finalized,2022-10-20 13:54:02,2022-10-20
2418,80,67,583,1666274046,0.0,33,20,29,,WTI-22OCT20-B87.5,between,87.99,87.0,,$87 to 87.99,finalized,2022-10-20 13:54:06,2022-10-20
2419,72,63,497,1666274070,0.0,37,28,35,,WTI-22OCT20-B86.5,between,86.99,86.0,,$86 to 86.99,finalized,2022-10-20 13:54:30,2022-10-20
2420,72,64,497,1666274070,0.0,36,28,35,,WTI-22OCT20-B86.5,between,86.99,86.0,,$86 to 86.99,finalized,2022-10-20 13:54:30,2022-10-20
2421,80,55,583,1666274074,0.0,45,20,29,,WTI-22OCT20-B87.5,between,87.99,87.0,,$87 to 87.99,finalized,2022-10-20 13:54:34,2022-10-20
2422,80,67,583,1666274074,0.0,33,20,29,,WTI-22OCT20-B87.5,between,87.99,87.0,,$87 to 87.99,finalized,2022-10-20 13:54:34,2022-10-20
2423,98,94,453,1666274085,0.0,6,2,9,,WTI-22OCT20-B83.5,between,83.99,83.0,,$83 to 83.99,finalized,2022-10-20 13:54:45,2022-10-20
2424,93,88,456,1666274085,0.0,12,7,14,,WTI-22OCT20-B84.5,between,84.99,84.0,,$84 to 84.99,finalized,2022-10-20 13:54:45,2022-10-20
2425,80,55,583,1666274085,0.0,45,20,29,,WTI-22OCT20-B87.5,between,87.99,87.0,,$87 to 87.99,finalized,2022-10-20 13:54:45,2022-10-20
2426,94,89,422,1666274085,0.0,11,6,9,,WTI-22OCT20-B88.5,between,88.99,88.0,,$88 to 88.99,finalized,2022-10-20 13:54:45,2022-10-20
2427,95,89,422,1666274085,0.0,11,5,9,,WTI-22OCT20-B88.5,between,88.99,88.0,,$88 to 88.99,finalized,2022-10-20 13:54:45,2022-10-20
2428,99,95,410,1666274085,0.0,5,1,6,,WTI-22OCT20-B89.5,between,89.99,89.0,,$89 to 89.99,finalized,2022-10-20 13:54:45,2022-10-20
2429,92,88,456,1666274087,0.0,12,8,14,,WTI-22OCT20-B84.5,between,84.99,84.0,,$84 to 84.99,finalized,2022-10-20 13:54:47,2022-10-20
2430,84,77,1056,1666274087,0.0,23,16,24,,WTI-22OCT20-B85.5,between,85.99,85.0,,$85 to 85.99,finalized,2022-10-20 13:54:47,2022-10-20
2431,72,65,497,1666274087,0.0,35,28,35,,WTI-22OCT20-B86.5,between,86.99,86.0,,$86 to 86.99,finalized,2022-10-20 13:54:47,2022-10-20
2432,72,67,497,1666274087,0.0,33,28,35,,WTI-22OCT20-B86.5,between,86.99,86.0,,$86 to 86.99,finalized,2022-10-20 13:54:47,2022-10-20
2433,95,90,422,1666274087,0.0,10,5,9,,WTI-22OCT20-B88.5,between,88.99,88.0,,$88 to 88.99,finalized,2022-10-20 13:54:47,2022-10-20
2434,95,91,422,1666274088,0.0,9,5,9,,WTI-22OCT20-B88.5,between,88.99,88.0,,$88 to 88.99,finalized,2022-10-20 13:54:48,2022-10-20
2435,96,76,583,1666274090,0.0,24,4,29,,WTI-22OCT20-B87.5,between,87.99,87.0,,$87 to 87.99,finalized,2022-10-20 13:54:50,2022-10-20
2436,83,76,583,1666274091,0.0,24,17,29,,WTI-22OCT20-B87.5,between,87.99,87.0,,$87 to 87.99,finalized,2022-10-20 13:54:51,2022-10-20
2437,83,78,583,1666274091,0.0,22,17,29,,WTI-22OCT20-B87.5,between,87.99,87.0,,$87 to 87.99,finalized,2022-10-20 13:54:51,2022-10-20
2438,99,96,410,1666274091,0.0,4,1,6,,WTI-22OCT20-B89.5,between,89.99,89.0,,$89 to 89.99,finalized,2022-10-20 13:54:51,2022-10-20
2439,82,77,1056,1666274092,0.0,23,18,24,,WTI-22OCT20-B85.5,between,85.99,85.0,,$85 to 85.99,finalized,2022-10-20 13:54:52,2022-10-20
2440,79,78,583,1666274103,0.0,22,21,29,,WTI-22OCT20-B87.5,between,87.99,87.0,,$87 to 87.99,finalized,2022-10-20 13:55:03,2022-10-20
2441,95,90,505,1666274131,83.0,10,5,9,,WTI-22OCT20-B88.5,between,88.99,88.0,,$88 to 88.99,finalized,2022-10-20 13:55:31,2022-10-20
2442,93,90,505,1666274135,0.0,10,7,9,,WTI-22OCT20-B88.5,between,88.99,88.0,,$88 to 88.99,finalized,2022-10-20 13:55:35,2022-10-20
2443,82,73,1056,1666274176,0.0,27,18,24,,WTI-22OCT20-B85.5,between,85.99,85.0,,$85 to 85.99,finalized,2022-10-20 13:56:16,2022-10-20
2444,82,55,1056,1666274176,0.0,45,18,24,,WTI-22OCT20-B85.5,between,85.99,85.0,,$85 to 85.99,finalized,2022-10-20 13:56:16,2022-10-20
2445,100,55,1056,1666274176,0.0,45,0,24,,WTI-22OCT20-B85.5,between,85.99,85.0,,$85 to 85.99,finalized,2022-10-20 13:56:16,2022-10-20
2446,74,67,497,1666274176,0.0,33,26,35,,WTI-22OCT20-B86.5,between,86.99,86.0,,$86 to 86.99,finalized,2022-10-20 13:56:16,2022-10-20
2447,89,67,497,1666274176,0.0,33,11,35,,WTI-22OCT20-B86.5,between,86.99,86.0,,$86 to 86.99,finalized,2022-10-20 13:56:16,2022-10-20
2448,89,65,497,1666274176,0.0,35,11,35,,WTI-22OCT20-B86.5,between,86.99,86.0,,$86 to 86.99,finalized,2022-10-20 13:56:16,2022-10-20
2449,99,94,453,1666274178,0.0,6,1,9,,WTI-22OCT20-B83.5,between,83.99,83.0,,$83 to 83.99,finalized,2022-10-20 13:56:18,2022-10-20
2450,92,87,456,1666274178,0.0,13,8,14,,WTI-22OCT20-B84.5,between,84.99,84.0,,$84 to 84.99,finalized,2022-10-20 13:56:18,2022-10-20
2451,92,86,456,1666274178,0.0,14,8,14,,WTI-22OCT20-B84.5,between,84.99,84.0,,$84 to 84.99,finalized,2022-10-20 13:56:18,2022-10-20
2452,92,55,456,1666274178,0.0,45,8,14,,WTI-22OCT20-B84.5,between,84.99,84.0,,$84 to 84.99,finalized,2022-10-20 13:56:18,2022-10-20
2453,100,55,456,1666274178,0.0,45,0,14,,WTI-22OCT20-B84.5,between,84.99,84.0,,$84 to 84.99,finalized,2022-10-20 13:56:18,2022-10-20
2454,89,63,497,1666274178,0.0,37,11,35,,WTI-22OCT20-B86.5,between,86.99,86.0,,$86 to 86.99,finalized,2022-10-20 13:56:18,2022-10-20
2455,89,55,497,1666274178,0.0,45,11,35,,WTI-22OCT20-B86.5,between,86.99,86.0,,$86 to 86.99,finalized,2022-10-20 13:56:18,2022-10-20
2456,83,78,583,1666274178,0.0,22,17,29,,WTI-22OCT20-B87.5,between,87.99,87.0,,$87 to 87.99,finalized,2022-10-20 13:56:18,2022-10-20
2457,85,78,583,1666274178,0.0,22,15,29,,WTI-22OCT20-B87.5,between,87.99,87.0,,$87 to 87.99,finalized,2022-10-20 13:56:18,2022-10-20
2458,86,78,583,1666274178,0.0,22,14,29,,WTI-22OCT20-B87.5,between,87.99,87.0,,$87 to 87.99,finalized,2022-10-20 13:56:18,2022-10-20
2459,96,78,583,1666274178,0.0,22,4,29,,WTI-22OCT20-B87.5,between,87.99,87.0,,$87 to 87.99,finalized,2022-10-20 13:56:18,2022-10-20
2460,96,74,583,1666274178,0.0,26,4,29,,WTI-22OCT20-B87.5,between,87.99,87.0,,$87 to 87.99,finalized,2022-10-20 13:56:18,2022-10-20
2461,93,55,505,1666274178,0.0,45,7,9,,WTI-22OCT20-B88.5,between,88.99,88.0,,$88 to 88.99,finalized,2022-10-20 13:56:18,2022-10-20
2462,99,95,476,1666274178,0.0,5,1,2,,WTI-22OCT20-T89.99,greater,,90.0,,$90 or higher,finalized,2022-10-20 13:56:18,2022-10-20
2463,88,55,1056,1666274180,0.0,45,12,24,,WTI-22OCT20-B85.5,between,85.99,85.0,,$85 to 85.99,finalized,2022-10-20 13:56:20,2022-10-20
2464,88,77,1056,1666274180,0.0,23,12,24,,WTI-22OCT20-B85.5,between,85.99,85.0,,$85 to 85.99,finalized,2022-10-20 13:56:20,2022-10-20
2465,96,55,583,1666274180,0.0,45,4,29,,WTI-22OCT20-B87.5,between,87.99,87.0,,$87 to 87.99,finalized,2022-10-20 13:56:20,2022-10-20
2466,99,94,410,1666274180,0.0,6,1,6,,WTI-22OCT20-B89.5,between,89.99,89.0,,$89 to 89.99,finalized,2022-10-20 13:56:20,2022-10-20
2467,99,96,453,1666274181,0.0,4,1,9,,WTI-22OCT20-B83.5,between,83.99,83.0,,$83 to 83.99,finalized,2022-10-20 13:56:21,2022-10-20
2468,88,84,1056,1666274181,0.0,16,12,24,,WTI-22OCT20-B85.5,between,85.99,85.0,,$85 to 85.99,finalized,2022-10-20 13:56:21,2022-10-20
2469,89,68,497,1666274181,0.0,32,11,35,,WTI-22OCT20-B86.5,between,86.99,86.0,,$86 to 86.99,finalized,2022-10-20 13:56:21,2022-10-20
2470,75,68,497,1666274181,0.0,32,25,35,,WTI-22OCT20-B86.5,between,86.99,86.0,,$86 to 86.99,finalized,2022-10-20 13:56:21,2022-10-20
2471,73,68,497,1666274181,0.0,32,27,35,,WTI-22OCT20-B86.5,between,86.99,86.0,,$86 to 86.99,finalized,2022-10-20 13:56:21,2022-10-20
2472,97,55,456,1666274182,0.0,45,3,14,,WTI-22OCT20-B84.5,between,84.99,84.0,,$84 to 84.99,finalized,2022-10-20 13:56:22,2022-10-20
2473,97,92,456,1666274183,0.0,8,3,14,,WTI-22OCT20-B84.5,between,84.99,84.0,,$84 to 84.99,finalized,2022-10-20 13:56:23,2022-10-20
2474,95,92,456,1666274183,0.0,8,5,14,,WTI-22OCT20-B84.5,between,84.99,84.0,,$84 to 84.99,finalized,2022-10-20 13:56:23,2022-10-20
2475,77,55,583,1666274183,0.0,45,23,29,,WTI-22OCT20-B87.5,between,87.99,87.0,,$87 to 87.99,finalized,2022-10-20 13:56:23,2022-10-20
2476,75,55,583,1666274183,0.0,45,25,29,,WTI-22OCT20-B87.5,between,87.99,87.0,,$87 to 87.99,finalized,2022-10-20 13:56:23,2022-10-20
2477,75,68,583,1666274183,0.0,32,25,29,,WTI-22OCT20-B87.5,between,87.99,87.0,,$87 to 87.99,finalized,2022-10-20 13:56:23,2022-10-20
2478,75,70,583,1666274183,0.0,30,25,29,,WTI-22OCT20-B87.5,between,87.99,87.0,,$87 to 87.99,finalized,2022-10-20 13:56:23,2022-10-20
2479,96,86,505,1666274183,0.0,14,4,9,,WTI-22OCT20-B88.5,between,88.99,88.0,,$88 to 88.99,finalized,2022-10-20 13:56:23,2022-10-20
2480,91,86,505,1666274183,0.0,14,9,9,,WTI-22OCT20-B88.5,between,88.99,88.0,,$88 to 88.99,finalized,2022-10-20 13:56:23,2022-10-20
2481,91,87,505,1666274183,0.0,13,9,9,,WTI-22OCT20-B88.5,between,88.99,88.0,,$88 to 88.99,finalized,2022-10-20 13:56:23,2022-10-20
2482,98,94,410,1666274183,0.0,6,2,6,,WTI-22OCT20-B89.5,between,89.99,89.0,,$89 to 89.99,finalized,2022-10-20 13:56:23,2022-10-20
2483,89,84,1056,1666274211,74.0,16,11,12,,WTI-22OCT20-B85.5,between,85.99,85.0,,$85 to 85.99,finalized,2022-10-20 13:56:51,2022-10-20
2484,95,91,456,1666274237,0.0,9,5,14,,WTI-22OCT20-B84.5,between,84.99,84.0,,$84 to 84.99,finalized,2022-10-20 13:57:17,2022-10-20
2485,97,91,456,1666274237,0.0,9,3,14,,WTI-22OCT20-B84.5,between,84.99,84.0,,$84 to 84.99,finalized,2022-10-20 13:57:17,2022-10-20
2486,100,91,456,1666274237,0.0,9,0,14,,WTI-22OCT20-B84.5,between,84.99,84.0,,$84 to 84.99,finalized,2022-10-20 13:57:17,2022-10-20
2487,77,68,497,1666274237,0.0,32,23,35,,WTI-22OCT20-B86.5,between,86.99,86.0,,$86 to 86.99,finalized,2022-10-20 13:57:17,2022-10-20
2488,89,68,497,1666274237,0.0,32,11,35,,WTI-22OCT20-B86.5,between,86.99,86.0,,$86 to 86.99,finalized,2022-10-20 13:57:17,2022-10-20
2489,100,90,456,1666274238,0.0,10,0,14,,WTI-22OCT20-B84.5,between,84.99,84.0,,$84 to 84.99,finalized,2022-10-20 13:57:18,2022-10-20
2490,100,55,456,1666274238,0.0,45,0,14,,WTI-22OCT20-B84.5,between,84.99,84.0,,$84 to 84.99,finalized,2022-10-20 13:57:18,2022-10-20
2491,79,68,497,1666274238,0.0,32,21,35,,WTI-22OCT20-B86.5,between,86.99,86.0,,$86 to 86.99,finalized,2022-10-20 13:57:18,2022-10-20
2492,79,55,497,1666274238,0.0,45,21,35,,WTI-22OCT20-B86.5,between,86.99,86.0,,$86 to 86.99,finalized,2022-10-20 13:57:18,2022-10-20
2493,79,66,497,1666274238,0.0,34,21,35,,WTI-22OCT20-B86.5,between,86.99,86.0,,$86 to 86.99,finalized,2022-10-20 13:57:18,2022-10-20
2494,79,70,583,1666274239,0.0,30,21,29,,WTI-22OCT20-B87.5,between,87.99,87.0,,$87 to 87.99,finalized,2022-10-20 13:57:19,2022-10-20
2495,79,66,583,1666274239,0.0,34,21,29,,WTI-22OCT20-B87.5,between,87.99,87.0,,$87 to 87.99,finalized,2022-10-20 13:57:19,2022-10-20
2496,79,55,583,1666274239,0.0,45,21,29,,WTI-22OCT20-B87.5,between,87.99,87.0,,$87 to 87.99,finalized,2022-10-20 13:57:19,2022-10-20
2497,100,94,410,1666274239,0.0,6,0,6,,WTI-22OCT20-B89.5,between,89.99,89.0,,$89 to 89.99,finalized,2022-10-20 13:57:19,2022-10-20
2498,100,96,453,1666274240,0.0,4,0,9,,WTI-22OCT20-B83.5,between,83.99,83.0,,$83 to 83.99,finalized,2022-10-20 13:57:20,2022-10-20
2499,100,95,453,1666274240,0.0,5,0,9,,WTI-22OCT20-B83.5,between,83.99,83.0,,$83 to 83.99,finalized,2022-10-20 13:57:20,2022-10-20
2500,96,55,583,1666274240,0.0,45,4,29,,WTI-22OCT20-B87.5,between,87.99,87.0,,$87 to 87.99,finalized,2022-10-20 13:57:20,2022-10-20
2501,100,55,410,1666274240,0.0,45,0,6,,WTI-22OCT20-B89.5,between,89.99,89.0,,$89 to 89.99,finalized,2022-10-20 13:57:20,2022-10-20
2502,99,55,476,1666274240,0.0,45,1,2,,WTI-22OCT20-T89.99,greater,,90.0,,$90 or higher,finalized,2022-10-20 13:57:20,2022-10-20
2503,100,55,476,1666274240,0.0,45,0,2,,WTI-22OCT20-T89.99,greater,,90.0,,$90 or higher,finalized,2022-10-20 13:57:20,2022-10-20
2504,100,55,453,1666274241,0.0,45,0,9,,WTI-22OCT20-B83.5,between,83.99,83.0,,$83 to 83.99,finalized,2022-10-20 13:57:21,2022-10-20
2505,89,82,1056,1666274241,0.0,18,11,12,,WTI-22OCT20-B85.5,between,85.99,85.0,,$85 to 85.99,finalized,2022-10-20 13:57:21,2022-10-20
2506,89,55,1056,1666274241,0.0,45,11,12,,WTI-22OCT20-B85.5,between,85.99,85.0,,$85 to 85.99,finalized,2022-10-20 13:57:21,2022-10-20
2507,90,55,1056,1666274241,0.0,45,10,12,,WTI-22OCT20-B85.5,between,85.99,85.0,,$85 to 85.99,finalized,2022-10-20 13:57:21,2022-10-20
2508,93,55,1056,1666274241,0.0,45,7,12,,WTI-22OCT20-B85.5,between,85.99,85.0,,$85 to 85.99,finalized,2022-10-20 13:57:21,2022-10-20
2509,77,55,583,1666274241,0.0,45,23,29,,WTI-22OCT20-B87.5,between,87.99,87.0,,$87 to 87.99,finalized,2022-10-20 13:57:21,2022-10-20
2510,77,64,583,1666274241,0.0,36,23,29,,WTI-22OCT20-B87.5,between,87.99,87.0,,$87 to 87.99,finalized,2022-10-20 13:57:21,2022-10-20
2511,92,87,505,1666274241,0.0,13,8,9,,WTI-22OCT20-B88.5,between,88.99,88.0,,$88 to 88.99,finalized,2022-10-20 13:57:21,2022-10-20
2512,92,85,505,1666274241,0.0,15,8,9,,WTI-22OCT20-B88.5,between,88.99,88.0,,$88 to 88.99,finalized,2022-10-20 13:57:21,2022-10-20
2513,96,85,505,1666274241,0.0,15,4,9,,WTI-22OCT20-B88.5,between,88.99,88.0,,$88 to 88.99,finalized,2022-10-20 13:57:21,2022-10-20
2514,96,55,505,1666274241,0.0,45,4,9,,WTI-22OCT20-B88.5,between,88.99,88.0,,$88 to 88.99,finalized,2022-10-20 13:57:21,2022-10-20
2515,95,55,476,1666274244,0.0,45,5,2,,WTI-22OCT20-T89.99,greater,,90.0,,$90 or higher,finalized,2022-10-20 13:57:24,2022-10-20
2516,87,55,505,1666274245,0.0,45,13,9,,WTI-22OCT20-B88.5,between,88.99,88.0,,$88 to 88.99,finalized,2022-10-20 13:57:25,2022-10-20
2517,87,76,505,1666274245,0.0,24,13,9,,WTI-22OCT20-B88.5,between,88.99,88.0,,$88 to 88.99,finalized,2022-10-20 13:57:25,2022-10-20
2518,79,55,497,1666274266,0.0,45,21,35,,WTI-22OCT20-B86.5,between,86.99,86.0,,$86 to 86.99,finalized,2022-10-20 13:57:46,2022-10-20
2519,79,66,497,1666274266,0.0,34,21,35,,WTI-22OCT20-B86.5,between,86.99,86.0,,$86 to 86.99,finalized,2022-10-20 13:57:46,2022-10-20
2520,78,55,583,1666274270,0.0,45,22,29,,WTI-22OCT20-B87.5,between,87.99,87.0,,$87 to 87.99,finalized,2022-10-20 13:57:50,2022-10-20
2521,78,65,583,1666274270,0.0,35,22,29,,WTI-22OCT20-B87.5,between,87.99,87.0,,$87 to 87.99,finalized,2022-10-20 13:57:50,2022-10-20
2522,89,55,505,1666274274,0.0,45,11,9,,WTI-22OCT20-B88.5,between,88.99,88.0,,$88 to 88.99,finalized,2022-10-20 13:57:54,2022-10-20
2523,89,78,505,1666274274,0.0,22,11,9,,WTI-22OCT20-B88.5,between,88.99,88.0,,$88 to 88.99,finalized,2022-10-20 13:57:54,2022-10-20
2524,88,55,1056,1666274292,0.0,45,12,12,,WTI-22OCT20-B85.5,between,85.99,85.0,,$85 to 85.99,finalized,2022-10-20 13:58:12,2022-10-20
2525,88,77,1056,1666274292,0.0,23,12,12,,WTI-22OCT20-B85.5,between,85.99,85.0,,$85 to 85.99,finalized,2022-10-20 13:58:12,2022-10-20
2526,78,55,497,1666274296,0.0,45,22,35,,WTI-22OCT20-B86.5,between,86.99,86.0,,$86 to 86.99,finalized,2022-10-20 13:58:16,2022-10-20
2527,78,65,497,1666274296,0.0,35,22,35,,WTI-22OCT20-B86.5,between,86.99,86.0,,$86 to 86.99,finalized,2022-10-20 13:58:16,2022-10-20
2528,79,55,583,1666274299,0.0,45,21,29,,WTI-22OCT20-B87.5,between,87.99,87.0,,$87 to 87.99,finalized,2022-10-20 13:58:19,2022-10-20
2529,79,66,583,1666274300,0.0,34,21,29,,WTI-22OCT20-B87.5,between,87.99,87.0,,$87 to 87.99,finalized,2022-10-20 13:58:20,2022-10-20
2530,93,55,505,1666274303,0.0,45,7,9,,WTI-22OCT20-B88.5,between,88.99,88.0,,$88 to 88.99,finalized,2022-10-20 13:58:23,2022-10-20
2531,87,55,1056,1666274320,0.0,45,13,12,,WTI-22OCT20-B85.5,between,85.99,85.0,,$85 to 85.99,finalized,2022-10-20 13:58:40,2022-10-20
2532,87,76,1056,1666274320,0.0,24,13,12,,WTI-22OCT20-B85.5,between,85.99,85.0,,$85 to 85.99,finalized,2022-10-20 13:58:40,2022-10-20
2533,77,55,497,1666274324,0.0,45,23,35,,WTI-22OCT20-B86.5,between,86.99,86.0,,$86 to 86.99,finalized,2022-10-20 13:58:44,2022-10-20
2534,77,64,497,1666274324,0.0,36,23,35,,WTI-22OCT20-B86.5,between,86.99,86.0,,$86 to 86.99,finalized,2022-10-20 13:58:44,2022-10-20
2535,80,55,583,1666274328,0.0,45,20,29,,WTI-22OCT20-B87.5,between,87.99,87.0,,$87 to 87.99,finalized,2022-10-20 13:58:48,2022-10-20
2536,80,67,583,1666274328,0.0,33,20,29,,WTI-22OCT20-B87.5,between,87.99,87.0,,$87 to 87.99,finalized,2022-10-20 13:58:48,2022-10-20
2537,94,55,505,1666274332,0.0,45,6,9,,WTI-22OCT20-B88.5,between,88.99,88.0,,$88 to 88.99,finalized,2022-10-20 13:58:52,2022-10-20
2538,87,55,1056,1666274349,0.0,45,13,12,,WTI-22OCT20-B85.5,between,85.99,85.0,,$85 to 85.99,finalized,2022-10-20 13:59:09,2022-10-20
2539,87,76,1056,1666274349,0.0,24,13,12,,WTI-22OCT20-B85.5,between,85.99,85.0,,$85 to 85.99,finalized,2022-10-20 13:59:09,2022-10-20
2540,77,55,497,1666274353,0.0,45,23,35,,WTI-22OCT20-B86.5,between,86.99,86.0,,$86 to 86.99,finalized,2022-10-20 13:59:13,2022-10-20
2541,77,64,497,1666274353,0.0,36,23,35,,WTI-22OCT20-B86.5,between,86.99,86.0,,$86 to 86.99,finalized,2022-10-20 13:59:13,2022-10-20
2542,80,55,583,1666274356,0.0,45,20,29,,WTI-22OCT20-B87.5,between,87.99,87.0,,$87 to 87.99,finalized,2022-10-20 13:59:16,2022-10-20
2543,80,67,583,1666274357,0.0,33,20,29,,WTI-22OCT20-B87.5,between,87.99,87.0,,$87 to 87.99,finalized,2022-10-20 13:59:17,2022-10-20
2544,97,55,456,1666274375,0.0,45,3,14,,WTI-22OCT20-B84.5,between,84.99,84.0,,$84 to 84.99,finalized,2022-10-20 13:59:35,2022-10-20
2545,86,55,1056,1666274377,0.0,45,14,12,,WTI-22OCT20-B85.5,between,85.99,85.0,,$85 to 85.99,finalized,2022-10-20 13:59:37,2022-10-20
2546,86,75,1056,1666274377,0.0,25,14,12,,WTI-22OCT20-B85.5,between,85.99,85.0,,$85 to 85.99,finalized,2022-10-20 13:59:37,2022-10-20
2547,76,55,497,1666274381,0.0,45,24,35,,WTI-22OCT20-B86.5,between,86.99,86.0,,$86 to 86.99,finalized,2022-10-20 13:59:41,2022-10-20
2548,76,63,497,1666274381,0.0,37,24,35,,WTI-22OCT20-B86.5,between,86.99,86.0,,$86 to 86.99,finalized,2022-10-20 13:59:41,2022-10-20
2549,81,55,583,1666274385,0.0,45,19,29,,WTI-22OCT20-B87.5,between,87.99,87.0,,$87 to 87.99,finalized,2022-10-20 13:59:45,2022-10-20
2550,81,68,583,1666274385,0.0,32,19,29,,WTI-22OCT20-B87.5,between,87.99,87.0,,$87 to 87.99,finalized,2022-10-20 13:59:45,2022-10-20
2551,86,55,1056,1666274406,0.0,45,14,12,,WTI-22OCT20-B85.5,between,85.99,85.0,,$85 to 85.99,finalized,2022-10-20 14:00:06,2022-10-20
2552,86,74,1056,1666274406,0.0,26,14,12,,WTI-22OCT20-B85.5,between,85.99,85.0,,$85 to 85.99,finalized,2022-10-20 14:00:06,2022-10-20
2553,76,55,497,1666274410,0.0,45,24,35,,WTI-22OCT20-B86.5,between,86.99,86.0,,$86 to 86.99,finalized,2022-10-20 14:00:10,2022-10-20
2554,76,63,497,1666274410,0.0,37,24,35,,WTI-22OCT20-B86.5,between,86.99,86.0,,$86 to 86.99,finalized,2022-10-20 14:00:10,2022-10-20
2555,80,55,583,1666274414,0.0,45,20,29,,WTI-22OCT20-B87.5,between,87.99,87.0,,$87 to 87.99,finalized,2022-10-20 14:00:14,2022-10-20
2556,80,67,583,1666274414,0.0,33,20,29,,WTI-22OCT20-B87.5,between,87.99,87.0,,$87 to 87.99,finalized,2022-10-20 14:00:14,2022-10-20
2557,88,55,1056,1666274435,0.0,45,12,12,,WTI-22OCT20-B85.5,between,85.99,85.0,,$85 to 85.99,finalized,2022-10-20 14:00:35,2022-10-20
2558,88,77,1056,1666274435,0.0,23,12,12,,WTI-22OCT20-B85.5,between,85.99,85.0,,$85 to 85.99,finalized,2022-10-20 14:00:35,2022-10-20
2559,77,55,497,1666274438,0.0,45,23,35,,WTI-22OCT20-B86.5,between,86.99,86.0,,$86 to 86.99,finalized,2022-10-20 14:00:38,2022-10-20
2560,77,64,497,1666274439,0.0,36,23,35,,WTI-22OCT20-B86.5,between,86.99,86.0,,$86 to 86.99,finalized,2022-10-20 14:00:39,2022-10-20
2561,79,55,583,1666274442,0.0,45,21,29,,WTI-22OCT20-B87.5,between,87.99,87.0,,$87 to 87.99,finalized,2022-10-20 14:00:42,2022-10-20
2562,79,66,583,1666274442,0.0,34,21,29,,WTI-22OCT20-B87.5,between,87.99,87.0,,$87 to 87.99,finalized,2022-10-20 14:00:42,2022-10-20
2563,93,55,505,1666274446,0.0,45,7,9,,WTI-22OCT20-B88.5,between,88.99,88.0,,$88 to 88.99,finalized,2022-10-20 14:00:46,2022-10-20
2564,88,55,1056,1666274463,0.0,45,12,12,,WTI-22OCT20-B85.5,between,85.99,85.0,,$85 to 85.99,finalized,2022-10-20 14:01:03,2022-10-20
2565,88,77,1056,1666274463,0.0,23,12,12,,WTI-22OCT20-B85.5,between,85.99,85.0,,$85 to 85.99,finalized,2022-10-20 14:01:03,2022-10-20
2566,77,55,497,1666274467,0.0,45,23,35,,WTI-22OCT20-B86.5,between,86.99,86.0,,$86 to 86.99,finalized,2022-10-20 14:01:07,2022-10-20
2567,77,64,497,1666274467,0.0,36,23,35,,WTI-22OCT20-B86.5,between,86.99,86.0,,$86 to 86.99,finalized,2022-10-20 14:01:07,2022-10-20
2568,80,55,583,1666274471,0.0,45,20,29,,WTI-22OCT20-B87.5,between,87.99,87.0,,$87 to 87.99,finalized,2022-10-20 14:01:11,2022-10-20
2569,80,67,583,1666274471,0.0,33,20,29,,WTI-22OCT20-B87.5,between,87.99,87.0,,$87 to 87.99,finalized,2022-10-20 14:01:11,2022-10-20
2570,94,55,505,1666274475,0.0,45,6,9,,WTI-22OCT20-B88.5,between,88.99,88.0,,$88 to 88.99,finalized,2022-10-20 14:01:15,2022-10-20
2571,100,93,456,1666274675,0.0,7,0,14,,WTI-22OCT20-B84.5,between,84.99,84.0,,$84 to 84.99,finalized,2022-10-20 14:04:35,2022-10-20
2572,98,93,456,1666274675,0.0,7,2,14,,WTI-22OCT20-B84.5,between,84.99,84.0,,$84 to 84.99,finalized,2022-10-20 14:04:35,2022-10-20
2573,96,93,456,1666274675,0.0,7,4,14,,WTI-22OCT20-B84.5,between,84.99,84.0,,$84 to 84.99,finalized,2022-10-20 14:04:35,2022-10-20
2574,90,55,1056,1666274675,0.0,45,10,12,,WTI-22OCT20-B85.5,between,85.99,85.0,,$85 to 85.99,finalized,2022-10-20 14:04:35,2022-10-20
2575,90,85,1056,1666274675,0.0,15,10,12,,WTI-22OCT20-B85.5,between,85.99,85.0,,$85 to 85.99,finalized,2022-10-20 14:04:35,2022-10-20
2576,89,64,497,1666274675,0.0,36,11,35,,WTI-22OCT20-B86.5,between,86.99,86.0,,$86 to 86.99,finalized,2022-10-20 14:04:35,2022-10-20
2577,77,64,497,1666274675,0.0,36,23,35,,WTI-22OCT20-B86.5,between,86.99,86.0,,$86 to 86.99,finalized,2022-10-20 14:04:35,2022-10-20
2578,77,66,497,1666274675,0.0,34,23,35,,WTI-22OCT20-B86.5,between,86.99,86.0,,$86 to 86.99,finalized,2022-10-20 14:04:35,2022-10-20
2579,77,68,497,1666274675,0.0,32,23,35,,WTI-22OCT20-B86.5,between,86.99,86.0,,$86 to 86.99,finalized,2022-10-20 14:04:35,2022-10-20
2580,73,68,497,1666274676,0.0,32,27,35,,WTI-22OCT20-B86.5,between,86.99,86.0,,$86 to 86.99,finalized,2022-10-20 14:04:36,2022-10-20
2581,100,96,453,1666274677,0.0,4,0,9,,WTI-22OCT20-B83.5,between,83.99,83.0,,$83 to 83.99,finalized,2022-10-20 14:04:37,2022-10-20
2582,73,55,583,1666274677,0.0,45,27,29,,WTI-22OCT20-B87.5,between,87.99,87.0,,$87 to 87.99,finalized,2022-10-20 14:04:37,2022-10-20
2583,91,55,505,1666274677,0.0,45,9,9,,WTI-22OCT20-B88.5,between,88.99,88.0,,$88 to 88.99,finalized,2022-10-20 14:04:37,2022-10-20
2584,90,55,505,1666274677,0.0,45,10,9,,WTI-22OCT20-B88.5,between,88.99,88.0,,$88 to 88.99,finalized,2022-10-20 14:04:37,2022-10-20
2585,90,85,505,1666274677,0.0,15,10,9,,WTI-22OCT20-B88.5,between,88.99,88.0,,$88 to 88.99,finalized,2022-10-20 14:04:37,2022-10-20
2586,90,86,505,1666274677,0.0,14,10,9,,WTI-22OCT20-B88.5,between,88.99,88.0,,$88 to 88.99,finalized,2022-10-20 14:04:37,2022-10-20
2587,98,55,410,1666274677,0.0,45,2,6,,WTI-22OCT20-B89.5,between,89.99,89.0,,$89 to 89.99,finalized,2022-10-20 14:04:37,2022-10-20
2588,98,92,410,1666274677,0.0,8,2,6,,WTI-22OCT20-B89.5,between,89.99,89.0,,$89 to 89.99,finalized,2022-10-20 14:04:37,2022-10-20
2589,98,93,410,1666274677,0.0,7,2,6,,WTI-22OCT20-B89.5,between,89.99,89.0,,$89 to 89.99,finalized,2022-10-20 14:04:37,2022-10-20
2590,95,93,476,1666274677,0.0,7,5,2,,WTI-22OCT20-T89.99,greater,,90.0,,$90 or higher,finalized,2022-10-20 14:04:37,2022-10-20
2591,95,93,476,1666274677,71.0,7,5,5,,WTI-22OCT20-T89.99,greater,,90.0,,$90 or higher,finalized,2022-10-20 14:04:37,2022-10-20
2592,73,64,583,1666274678,0.0,36,27,29,,WTI-22OCT20-B87.5,between,87.99,87.0,,$87 to 87.99,finalized,2022-10-20 14:04:38,2022-10-20
2593,95,94,476,1666274678,0.0,6,5,5,,WTI-22OCT20-T89.99,greater,,90.0,,$90 or higher,finalized,2022-10-20 14:04:38,2022-10-20
2594,73,66,583,1666274679,0.0,34,27,29,,WTI-22OCT20-B87.5,between,87.99,87.0,,$87 to 87.99,finalized,2022-10-20 14:04:39,2022-10-20
2595,99,96,453,1666274681,0.0,4,1,9,,WTI-22OCT20-B83.5,between,83.99,83.0,,$83 to 83.99,finalized,2022-10-20 14:04:41,2022-10-20
2596,73,68,583,1666274681,0.0,32,27,29,,WTI-22OCT20-B87.5,between,87.99,87.0,,$87 to 87.99,finalized,2022-10-20 14:04:41,2022-10-20
2597,98,94,410,1666274681,0.0,6,2,6,,WTI-22OCT20-B89.5,between,89.99,89.0,,$89 to 89.99,finalized,2022-10-20 14:04:41,2022-10-20
2598,96,92,456,1666274804,0.0,8,4,14,,WTI-22OCT20-B84.5,between,84.99,84.0,,$84 to 84.99,finalized,2022-10-20 14:06:44,2022-10-20
2599,89,85,1056,1666274804,0.0,15,11,12,,WTI-22OCT20-B85.5,between,85.99,85.0,,$85 to 85.99,finalized,2022-10-20 14:06:44,2022-10-20
2600,75,68,583,1666274804,0.0,32,25,29,,WTI-22OCT20-B87.5,between,87.99,87.0,,$87 to 87.99,finalized,2022-10-20 14:06:44,2022-10-20
2601,96,68,583,1666274805,0.0,32,4,29,,WTI-22OCT20-B87.5,between,87.99,87.0,,$87 to 87.99,finalized,2022-10-20 14:06:45,2022-10-20
2602,76,68,583,1666274805,0.0,32,24,29,,WTI-22OCT20-B87.5,between,87.99,87.0,,$87 to 87.99,finalized,2022-10-20 14:06:45,2022-10-20
2603,74,68,583,1666274805,0.0,32,26,29,,WTI-22OCT20-B87.5,between,87.99,87.0,,$87 to 87.99,finalized,2022-10-20 14:06:45,2022-10-20
2604,89,83,1056,1666274871,0.0,17,11,12,,WTI-22OCT20-B85.5,between,85.99,85.0,,$85 to 85.99,finalized,2022-10-20 14:07:51,2022-10-20
2605,89,55,1056,1666274871,0.0,45,11,12,,WTI-22OCT20-B85.5,between,85.99,85.0,,$85 to 85.99,finalized,2022-10-20 14:07:51,2022-10-20
2606,77,68,497,1666274871,0.0,32,23,35,,WTI-22OCT20-B86.5,between,86.99,86.0,,$86 to 86.99,finalized,2022-10-20 14:07:51,2022-10-20
2607,89,68,497,1666274871,0.0,32,11,35,,WTI-22OCT20-B86.5,between,86.99,86.0,,$86 to 86.99,finalized,2022-10-20 14:07:51,2022-10-20
2608,89,55,497,1666274871,0.0,45,11,35,,WTI-22OCT20-B86.5,between,86.99,86.0,,$86 to 86.99,finalized,2022-10-20 14:07:51,2022-10-20
2609,74,66,583,1666274871,0.0,34,26,29,,WTI-22OCT20-B87.5,between,87.99,87.0,,$87 to 87.99,finalized,2022-10-20 14:07:51,2022-10-20
2610,76,66,583,1666274871,0.0,34,24,29,,WTI-22OCT20-B87.5,between,87.99,87.0,,$87 to 87.99,finalized,2022-10-20 14:07:51,2022-10-20
2611,96,66,583,1666274871,0.0,34,4,29,,WTI-22OCT20-B87.5,between,87.99,87.0,,$87 to 87.99,finalized,2022-10-20 14:07:51,2022-10-20
2612,91,86,505,1666274871,0.0,14,9,9,,WTI-22OCT20-B88.5,between,88.99,88.0,,$88 to 88.99,finalized,2022-10-20 14:07:51,2022-10-20
2613,95,92,456,1666274873,0.0,8,5,14,,WTI-22OCT20-B84.5,between,84.99,84.0,,$84 to 84.99,finalized,2022-10-20 14:07:53,2022-10-20
2614,88,55,1056,1666274873,0.0,45,12,12,,WTI-22OCT20-B85.5,between,85.99,85.0,,$85 to 85.99,finalized,2022-10-20 14:07:53,2022-10-20
2615,88,80,1056,1666274873,0.0,20,12,12,,WTI-22OCT20-B85.5,between,85.99,85.0,,$85 to 85.99,finalized,2022-10-20 14:07:53,2022-10-20
2616,88,84,1056,1666274873,0.0,16,12,12,,WTI-22OCT20-B85.5,between,85.99,85.0,,$85 to 85.99,finalized,2022-10-20 14:07:53,2022-10-20
2617,89,65,497,1666274873,0.0,35,11,35,,WTI-22OCT20-B86.5,between,86.99,86.0,,$86 to 86.99,finalized,2022-10-20 14:07:53,2022-10-20
2618,74,65,497,1666274873,0.0,35,26,35,,WTI-22OCT20-B86.5,between,86.99,86.0,,$86 to 86.99,finalized,2022-10-20 14:07:53,2022-10-20
2619,74,67,497,1666274873,0.0,33,26,35,,WTI-22OCT20-B86.5,between,86.99,86.0,,$86 to 86.99,finalized,2022-10-20 14:07:53,2022-10-20
2620,96,55,583,1666274873,0.0,45,4,29,,WTI-22OCT20-B87.5,between,87.99,87.0,,$87 to 87.99,finalized,2022-10-20 14:07:53,2022-10-20
2621,72,67,497,1666274874,0.0,33,28,35,,WTI-22OCT20-B86.5,between,86.99,86.0,,$86 to 86.99,finalized,2022-10-20 14:07:54,2022-10-20
2622,96,92,456,1666274922,0.0,8,4,14,,WTI-22OCT20-B84.5,between,84.99,84.0,,$84 to 84.99,finalized,2022-10-20 14:08:42,2022-10-20
2623,88,55,1056,1666274923,0.0,45,12,12,,WTI-22OCT20-B85.5,between,85.99,85.0,,$85 to 85.99,finalized,2022-10-20 14:08:43,2022-10-20
2624,90,55,1056,1666274923,0.0,45,10,12,,WTI-22OCT20-B85.5,between,85.99,85.0,,$85 to 85.99,finalized,2022-10-20 14:08:43,2022-10-20
2625,72,55,497,1666274923,0.0,45,28,35,,WTI-22OCT20-B86.5,between,86.99,86.0,,$86 to 86.99,finalized,2022-10-20 14:08:43,2022-10-20
2626,74,55,497,1666274923,0.0,45,26,35,,WTI-22OCT20-B86.5,between,86.99,86.0,,$86 to 86.99,finalized,2022-10-20 14:08:43,2022-10-20
2627,89,55,497,1666274923,0.0,45,11,35,,WTI-22OCT20-B86.5,between,86.99,86.0,,$86 to 86.99,finalized,2022-10-20 14:08:43,2022-10-20
2628,96,93,456,1666274928,0.0,7,4,14,,WTI-22OCT20-B84.5,between,84.99,84.0,,$84 to 84.99,finalized,2022-10-20 14:08:48,2022-10-20
2629,90,86,1056,1666274928,0.0,14,10,12,,WTI-22OCT20-B85.5,between,85.99,85.0,,$85 to 85.99,finalized,2022-10-20 14:08:48,2022-10-20
2630,89,68,497,1666274928,0.0,32,11,35,,WTI-22OCT20-B86.5,between,86.99,86.0,,$86 to 86.99,finalized,2022-10-20 14:08:48,2022-10-20
2631,73,68,497,1666274928,0.0,32,27,35,,WTI-22OCT20-B86.5,between,86.99,86.0,,$86 to 86.99,finalized,2022-10-20 14:08:48,2022-10-20
2632,96,68,583,1666274930,0.0,32,4,29,,WTI-22OCT20-B87.5,between,87.99,87.0,,$87 to 87.99,finalized,2022-10-20 14:08:50,2022-10-20
2633,75,68,583,1666274930,0.0,32,25,29,,WTI-22OCT20-B87.5,between,87.99,87.0,,$87 to 87.99,finalized,2022-10-20 14:08:50,2022-10-20
2634,73,68,583,1666274930,0.0,32,27,29,,WTI-22OCT20-B87.5,between,87.99,87.0,,$87 to 87.99,finalized,2022-10-20 14:08:50,2022-10-20
2635,90,86,505,1666274930,0.0,14,10,9,,WTI-22OCT20-B88.5,between,88.99,88.0,,$88 to 88.99,finalized,2022-10-20 14:08:50,2022-10-20
2636,99,95,480,1666274930,82.0,5,1,5,,WTI-22OCT20-T89.99,greater,,90.0,,$90 or higher,finalized,2022-10-20 14:08:50,2022-10-20
2637,98,95,480,1666274930,0.0,5,2,5,,WTI-22OCT20-T89.99,greater,,90.0,,$90 or higher,finalized,2022-10-20 14:08:50,2022-10-20
2638,91,86,384,1666274947,121.0,14,9,10,,WTI-22OCT20-B88.5,between,88.99,88.0,,$88 to 88.99,finalized,2022-10-20 14:09:07,2022-10-20
2639,96,92,456,1666274950,86.0,8,4,7,,WTI-22OCT20-B84.5,between,84.99,84.0,,$84 to 84.99,finalized,2022-10-20 14:09:10,2022-10-20
2640,90,83,909,1666274959,147.0,17,10,15,,WTI-22OCT20-B85.5,between,85.99,85.0,,$85 to 85.99,finalized,2022-10-20 14:09:19,2022-10-20
2641,73,68,499,1666274963,84.0,32,27,27,,WTI-22OCT20-B87.5,between,87.99,87.0,,$87 to 87.99,finalized,2022-10-20 14:09:23,2022-10-20
2642,75,68,499,1666274969,20.0,32,25,27,,WTI-22OCT20-B87.5,between,87.99,87.0,,$87 to 87.99,finalized,2022-10-20 14:09:29,2022-10-20
2643,90,83,776,1666274977,133.0,17,10,17,,WTI-22OCT20-B85.5,between,85.99,85.0,,$85 to 85.99,finalized,2022-10-20 14:09:37,2022-10-20
2644,100,96,453,1666274989,0.0,4,0,9,,WTI-22OCT20-B83.5,between,83.99,83.0,,$83 to 83.99,finalized,2022-10-20 14:09:49,2022-10-20
2645,89,83,776,1666274989,0.0,17,11,17,,WTI-22OCT20-B85.5,between,85.99,85.0,,$85 to 85.99,finalized,2022-10-20 14:09:49,2022-10-20
2646,89,85,776,1666274989,2195.0,15,11,17,,WTI-22OCT20-B85.5,between,85.99,85.0,,$85 to 85.99,finalized,2022-10-20 14:09:49,2022-10-20
2647,90,86,384,1666274989,0.0,14,10,10,,WTI-22OCT20-B88.5,between,88.99,88.0,,$88 to 88.99,finalized,2022-10-20 14:09:49,2022-10-20
2648,99,95,480,1666274989,0.0,5,1,5,,WTI-22OCT20-T89.99,greater,,90.0,,$90 or higher,finalized,2022-10-20 14:09:49,2022-10-20
2649,99,96,453,1666274991,0.0,4,1,9,,WTI-22OCT20-B83.5,between,83.99,83.0,,$83 to 83.99,finalized,2022-10-20 14:09:51,2022-10-20
2650,90,85,776,1666275067,0.0,15,10,17,,WTI-22OCT20-B85.5,between,85.99,85.0,,$85 to 85.99,finalized,2022-10-20 14:11:07,2022-10-20
2651,100,85,776,1666275067,0.0,15,0,17,,WTI-22OCT20-B85.5,between,85.99,85.0,,$85 to 85.99,finalized,2022-10-20 14:11:07,2022-10-20
2652,100,83,776,1666275067,0.0,17,0,17,,WTI-22OCT20-B85.5,between,85.99,85.0,,$85 to 85.99,finalized,2022-10-20 14:11:07,2022-10-20
2653,100,81,776,1666275067,0.0,19,0,17,,WTI-22OCT20-B85.5,between,85.99,85.0,,$85 to 85.99,finalized,2022-10-20 14:11:07,2022-10-20
2654,89,68,497,1666275067,0.0,32,11,35,,WTI-22OCT20-B86.5,between,86.99,86.0,,$86 to 86.99,finalized,2022-10-20 14:11:07,2022-10-20
2655,89,66,497,1666275067,0.0,34,11,35,,WTI-22OCT20-B86.5,between,86.99,86.0,,$86 to 86.99,finalized,2022-10-20 14:11:07,2022-10-20
2656,86,81,776,1666275069,0.0,19,14,17,,WTI-22OCT20-B85.5,between,85.99,85.0,,$85 to 85.99,finalized,2022-10-20 14:11:09,2022-10-20
2657,85,81,776,1666275069,0.0,19,15,17,,WTI-22OCT20-B85.5,between,85.99,85.0,,$85 to 85.99,finalized,2022-10-20 14:11:09,2022-10-20
2658,78,66,497,1666275069,0.0,34,22,35,,WTI-22OCT20-B86.5,between,86.99,86.0,,$86 to 86.99,finalized,2022-10-20 14:11:09,2022-10-20
2659,78,67,497,1666275069,0.0,33,22,35,,WTI-22OCT20-B86.5,between,86.99,86.0,,$86 to 86.99,finalized,2022-10-20 14:11:09,2022-10-20
2660,76,67,497,1666275069,0.0,33,24,35,,WTI-22OCT20-B86.5,between,86.99,86.0,,$86 to 86.99,finalized,2022-10-20 14:11:09,2022-10-20
2661,74,67,497,1666275069,0.0,33,26,35,,WTI-22OCT20-B86.5,between,86.99,86.0,,$86 to 86.99,finalized,2022-10-20 14:11:09,2022-10-20
2662,74,69,497,1666275069,0.0,31,26,35,,WTI-22OCT20-B86.5,between,86.99,86.0,,$86 to 86.99,finalized,2022-10-20 14:11:09,2022-10-20
2663,91,86,384,1666275069,0.0,14,9,10,,WTI-22OCT20-B88.5,between,88.99,88.0,,$88 to 88.99,finalized,2022-10-20 14:11:09,2022-10-20
2664,92,86,384,1666275069,0.0,14,8,10,,WTI-22OCT20-B88.5,between,88.99,88.0,,$88 to 88.99,finalized,2022-10-20 14:11:09,2022-10-20
2665,98,93,410,1666275069,0.0,7,2,6,,WTI-22OCT20-B89.5,between,89.99,89.0,,$89 to 89.99,finalized,2022-10-20 14:11:09,2022-10-20
2666,96,93,456,1666275071,0.0,7,4,7,,WTI-22OCT20-B84.5,between,84.99,84.0,,$84 to 84.99,finalized,2022-10-20 14:11:11,2022-10-20
2667,91,86,384,1666275071,0.0,14,9,10,,WTI-22OCT20-B88.5,between,88.99,88.0,,$88 to 88.99,finalized,2022-10-20 14:11:11,2022-10-20
2668,91,87,384,1666275071,0.0,13,9,10,,WTI-22OCT20-B88.5,between,88.99,88.0,,$88 to 88.99,finalized,2022-10-20 14:11:11,2022-10-20
2669,98,94,410,1666275071,0.0,6,2,6,,WTI-22OCT20-B89.5,between,89.99,89.0,,$89 to 89.99,finalized,2022-10-20 14:11:11,2022-10-20
2670,75,70,499,1666275073,0.0,30,25,27,,WTI-22OCT20-B87.5,between,87.99,87.0,,$87 to 87.99,finalized,2022-10-20 14:11:13,2022-10-20
2671,96,92,456,1666275173,0.0,8,4,7,,WTI-22OCT20-B84.5,between,84.99,84.0,,$84 to 84.99,finalized,2022-10-20 14:12:53,2022-10-20
2672,96,91,456,1666275173,0.0,9,4,7,,WTI-22OCT20-B84.5,between,84.99,84.0,,$84 to 84.99,finalized,2022-10-20 14:12:53,2022-10-20
2673,74,67,497,1666275173,0.0,33,26,35,,WTI-22OCT20-B86.5,between,86.99,86.0,,$86 to 86.99,finalized,2022-10-20 14:12:53,2022-10-20
2674,74,55,497,1666275173,0.0,45,26,35,,WTI-22OCT20-B86.5,between,86.99,86.0,,$86 to 86.99,finalized,2022-10-20 14:12:53,2022-10-20
2675,76,55,497,1666275173,0.0,45,24,35,,WTI-22OCT20-B86.5,between,86.99,86.0,,$86 to 86.99,finalized,2022-10-20 14:12:53,2022-10-20
2676,89,55,497,1666275173,0.0,45,11,35,,WTI-22OCT20-B86.5,between,86.99,86.0,,$86 to 86.99,finalized,2022-10-20 14:12:53,2022-10-20
2677,77,70,499,1666275173,0.0,30,23,27,,WTI-22OCT20-B87.5,between,87.99,87.0,,$87 to 87.99,finalized,2022-10-20 14:12:53,2022-10-20
2678,93,87,384,1666275173,0.0,13,7,10,,WTI-22OCT20-B88.5,between,88.99,88.0,,$88 to 88.99,finalized,2022-10-20 14:12:53,2022-10-20
2679,86,81,776,1666275174,0.0,19,14,17,,WTI-22OCT20-B85.5,between,85.99,85.0,,$85 to 85.99,finalized,2022-10-20 14:12:54,2022-10-20
2680,86,79,776,1666275229,0.0,21,14,17,,WTI-22OCT20-B85.5,between,85.99,85.0,,$85 to 85.99,finalized,2022-10-20 14:13:49,2022-10-20
2681,86,77,776,1666275229,0.0,23,14,17,,WTI-22OCT20-B85.5,between,85.99,85.0,,$85 to 85.99,finalized,2022-10-20 14:13:49,2022-10-20
2682,86,55,776,1666275229,0.0,45,14,17,,WTI-22OCT20-B85.5,between,85.99,85.0,,$85 to 85.99,finalized,2022-10-20 14:13:49,2022-10-20
2683,79,70,499,1666275229,0.0,30,21,27,,WTI-22OCT20-B87.5,between,87.99,87.0,,$87 to 87.99,finalized,2022-10-20 14:13:49,2022-10-20
2684,79,68,499,1666275229,0.0,32,21,27,,WTI-22OCT20-B87.5,between,87.99,87.0,,$87 to 87.99,finalized,2022-10-20 14:13:49,2022-10-20
2685,79,66,499,1666275229,0.0,34,21,27,,WTI-22OCT20-B87.5,between,87.99,87.0,,$87 to 87.99,finalized,2022-10-20 14:13:49,2022-10-20
2686,96,66,499,1666275229,0.0,34,4,27,,WTI-22OCT20-B87.5,between,87.99,87.0,,$87 to 87.99,finalized,2022-10-20 14:13:49,2022-10-20
2687,96,55,499,1666275231,0.0,45,4,27,,WTI-22OCT20-B87.5,between,87.99,87.0,,$87 to 87.99,finalized,2022-10-20 14:13:51,2022-10-20
2688,94,91,456,1666275235,0.0,9,6,7,,WTI-22OCT20-B84.5,between,84.99,84.0,,$84 to 84.99,finalized,2022-10-20 14:13:55,2022-10-20
2689,85,55,776,1666275235,0.0,45,15,17,,WTI-22OCT20-B85.5,between,85.99,85.0,,$85 to 85.99,finalized,2022-10-20 14:13:55,2022-10-20
2690,73,55,497,1666275235,0.0,45,27,35,,WTI-22OCT20-B86.5,between,86.99,86.0,,$86 to 86.99,finalized,2022-10-20 14:13:55,2022-10-20
2691,73,64,497,1666275235,0.0,36,27,35,,WTI-22OCT20-B86.5,between,86.99,86.0,,$86 to 86.99,finalized,2022-10-20 14:13:55,2022-10-20
2692,73,66,497,1666275235,0.0,34,27,35,,WTI-22OCT20-B86.5,between,86.99,86.0,,$86 to 86.99,finalized,2022-10-20 14:13:55,2022-10-20
2693,71,66,497,1666275235,0.0,34,29,35,,WTI-22OCT20-B86.5,between,86.99,86.0,,$86 to 86.99,finalized,2022-10-20 14:13:55,2022-10-20
2694,93,89,384,1666275235,0.0,11,7,10,,WTI-22OCT20-B88.5,between,88.99,88.0,,$88 to 88.99,finalized,2022-10-20 14:13:55,2022-10-20
2695,99,96,480,1666275235,0.0,4,1,5,,WTI-22OCT20-T89.99,greater,,90.0,,$90 or higher,finalized,2022-10-20 14:13:55,2022-10-20
2696,99,95,480,1666275283,0.0,5,1,5,,WTI-22OCT20-T89.99,greater,,90.0,,$90 or higher,finalized,2022-10-20 14:14:43,2022-10-20
2697,95,91,456,1666275285,0.0,9,5,7,,WTI-22OCT20-B84.5,between,84.99,84.0,,$84 to 84.99,finalized,2022-10-20 14:14:45,2022-10-20
2698,96,91,456,1666275285,0.0,9,4,7,,WTI-22OCT20-B84.5,between,84.99,84.0,,$84 to 84.99,finalized,2022-10-20 14:14:45,2022-10-20
2699,86,55,776,1666275285,0.0,45,14,17,,WTI-22OCT20-B85.5,between,85.99,85.0,,$85 to 85.99,finalized,2022-10-20 14:14:45,2022-10-20
2700,87,55,776,1666275285,0.0,45,13,17,,WTI-22OCT20-B85.5,between,85.99,85.0,,$85 to 85.99,finalized,2022-10-20 14:14:45,2022-10-20
2701,73,66,497,1666275285,0.0,34,27,35,,WTI-22OCT20-B86.5,between,86.99,86.0,,$86 to 86.99,finalized,2022-10-20 14:14:45,2022-10-20
2702,73,62,497,1666275285,0.0,38,27,35,,WTI-22OCT20-B86.5,between,86.99,86.0,,$86 to 86.99,finalized,2022-10-20 14:14:45,2022-10-20
2703,73,55,497,1666275285,0.0,45,27,35,,WTI-22OCT20-B86.5,between,86.99,86.0,,$86 to 86.99,finalized,2022-10-20 14:14:45,2022-10-20
2704,93,88,384,1666275285,0.0,12,7,10,,WTI-22OCT20-B88.5,between,88.99,88.0,,$88 to 88.99,finalized,2022-10-20 14:14:45,2022-10-20
2705,93,87,384,1666275285,0.0,13,7,10,,WTI-22OCT20-B88.5,between,88.99,88.0,,$88 to 88.99,finalized,2022-10-20 14:14:45,2022-10-20
2706,100,55,776,1666275286,0.0,45,0,17,,WTI-22OCT20-B85.5,between,85.99,85.0,,$85 to 85.99,finalized,2022-10-20 14:14:46,2022-10-20
2707,91,87,384,1666275288,0.0,13,9,10,,WTI-22OCT20-B88.5,between,88.99,88.0,,$88 to 88.99,finalized,2022-10-20 14:14:48,2022-10-20
2708,98,95,480,1666275289,0.0,5,2,5,,WTI-22OCT20-T89.99,greater,,90.0,,$90 or higher,finalized,2022-10-20 14:14:49,2022-10-20
2709,100,84,776,1666275290,0.0,16,0,17,,WTI-22OCT20-B85.5,between,85.99,85.0,,$85 to 85.99,finalized,2022-10-20 14:14:50,2022-10-20
2710,73,67,497,1666275290,0.0,33,27,35,,WTI-22OCT20-B86.5,between,86.99,86.0,,$86 to 86.99,finalized,2022-10-20 14:14:50,2022-10-20
2711,96,65,499,1666275290,0.0,35,4,27,,WTI-22OCT20-B87.5,between,87.99,87.0,,$87 to 87.99,finalized,2022-10-20 14:14:50,2022-10-20
2712,96,67,499,1666275290,0.0,33,4,27,,WTI-22OCT20-B87.5,between,87.99,87.0,,$87 to 87.99,finalized,2022-10-20 14:14:50,2022-10-20
2713,76,67,499,1666275290,1069.0,33,24,27,,WTI-22OCT20-B87.5,between,87.99,87.0,,$87 to 87.99,finalized,2022-10-20 14:14:50,2022-10-20
2714,76,69,499,1666275290,0.0,31,24,27,,WTI-22OCT20-B87.5,between,87.99,87.0,,$87 to 87.99,finalized,2022-10-20 14:14:50,2022-10-20
2715,96,92,456,1666275291,0.0,8,4,7,,WTI-22OCT20-B84.5,between,84.99,84.0,,$84 to 84.99,finalized,2022-10-20 14:14:51,2022-10-20
2716,89,84,776,1666275291,0.0,16,11,17,,WTI-22OCT20-B85.5,between,85.99,85.0,,$85 to 85.99,finalized,2022-10-20 14:14:51,2022-10-20
2717,88,84,776,1666275291,0.0,16,12,17,,WTI-22OCT20-B85.5,between,85.99,85.0,,$85 to 85.99,finalized,2022-10-20 14:14:51,2022-10-20
2718,74,69,499,1666275291,0.0,31,26,27,,WTI-22OCT20-B87.5,between,87.99,87.0,,$87 to 87.99,finalized,2022-10-20 14:14:51,2022-10-20
2719,88,82,776,1666275393,0.0,18,12,17,,WTI-22OCT20-B85.5,between,85.99,85.0,,$85 to 85.99,finalized,2022-10-20 14:16:33,2022-10-20
2720,88,80,776,1666275393,0.0,20,12,17,,WTI-22OCT20-B85.5,between,85.99,85.0,,$85 to 85.99,finalized,2022-10-20 14:16:33,2022-10-20
2721,88,55,776,1666275396,0.0,45,12,17,,WTI-22OCT20-B85.5,between,85.99,85.0,,$85 to 85.99,finalized,2022-10-20 14:16:36,2022-10-20
2722,74,65,499,1666275396,0.0,35,26,27,,WTI-22OCT20-B87.5,between,87.99,87.0,,$87 to 87.99,finalized,2022-10-20 14:16:36,2022-10-20
2723,76,65,499,1666275396,0.0,35,24,27,,WTI-22OCT20-B87.5,between,87.99,87.0,,$87 to 87.99,finalized,2022-10-20 14:16:36,2022-10-20
2724,92,87,384,1666275396,0.0,13,8,10,,WTI-22OCT20-B88.5,between,88.99,88.0,,$88 to 88.99,finalized,2022-10-20 14:16:36,2022-10-20
2725,99,95,480,1666275396,0.0,5,1,5,,WTI-22OCT20-T89.99,greater,,90.0,,$90 or higher,finalized,2022-10-20 14:16:36,2022-10-20
2726,89,67,497,1666275397,0.0,33,11,35,,WTI-22OCT20-B86.5,between,86.99,86.0,,$86 to 86.99,finalized,2022-10-20 14:16:37,2022-10-20
2727,96,65,499,1666275397,0.0,35,4,27,,WTI-22OCT20-B87.5,between,87.99,87.0,,$87 to 87.99,finalized,2022-10-20 14:16:37,2022-10-20
2728,96,55,499,1666275397,0.0,45,4,27,,WTI-22OCT20-B87.5,between,87.99,87.0,,$87 to 87.99,finalized,2022-10-20 14:16:37,2022-10-20
2729,95,92,456,1666275404,0.0,8,5,7,,WTI-22OCT20-B84.5,between,84.99,84.0,,$84 to 84.99,finalized,2022-10-20 14:16:44,2022-10-20
2730,88,81,776,1666275404,0.0,19,12,17,,WTI-22OCT20-B85.5,between,85.99,85.0,,$85 to 85.99,finalized,2022-10-20 14:16:44,2022-10-20
2731,87,81,776,1666275404,0.0,19,13,17,,WTI-22OCT20-B85.5,between,85.99,85.0,,$85 to 85.99,finalized,2022-10-20 14:16:44,2022-10-20
2732,87,83,776,1666275404,0.0,17,13,17,,WTI-22OCT20-B85.5,between,85.99,85.0,,$85 to 85.99,finalized,2022-10-20 14:16:44,2022-10-20
2733,72,67,497,1666275404,0.0,33,28,35,,WTI-22OCT20-B86.5,between,86.99,86.0,,$86 to 86.99,finalized,2022-10-20 14:16:44,2022-10-20
2734,79,55,499,1666275404,0.0,45,21,27,,WTI-22OCT20-B87.5,between,87.99,87.0,,$87 to 87.99,finalized,2022-10-20 14:16:44,2022-10-20
2735,92,88,384,1666275404,0.0,12,8,10,,WTI-22OCT20-B88.5,between,88.99,88.0,,$88 to 88.99,finalized,2022-10-20 14:16:44,2022-10-20
2736,98,95,410,1666275404,0.0,5,2,6,,WTI-22OCT20-B89.5,between,89.99,89.0,,$89 to 89.99,finalized,2022-10-20 14:16:44,2022-10-20
2737,77,55,499,1666275406,0.0,45,23,27,,WTI-22OCT20-B87.5,between,87.99,87.0,,$87 to 87.99,finalized,2022-10-20 14:16:46,2022-10-20
2738,77,70,499,1666275406,0.0,30,23,27,,WTI-22OCT20-B87.5,between,87.99,87.0,,$87 to 87.99,finalized,2022-10-20 14:16:46,2022-10-20
2739,75,70,499,1666275406,0.0,30,25,27,,WTI-22OCT20-B87.5,between,87.99,87.0,,$87 to 87.99,finalized,2022-10-20 14:16:46,2022-10-20
2740,87,81,776,1666275439,37.0,19,13,17,,WTI-22OCT20-B85.5,between,85.99,85.0,,$85 to 85.99,finalized,2022-10-20 14:17:19,2022-10-20
2741,77,70,499,1666275445,33.0,30,23,25,,WTI-22OCT20-B87.5,between,87.99,87.0,,$87 to 87.99,finalized,2022-10-20 14:17:25,2022-10-20
2742,72,65,497,1666275525,0.0,35,28,35,,WTI-22OCT20-B86.5,between,86.99,86.0,,$86 to 86.99,finalized,2022-10-20 14:18:45,2022-10-20
2743,72,63,497,1666275525,0.0,37,28,35,,WTI-22OCT20-B86.5,between,86.99,86.0,,$86 to 86.99,finalized,2022-10-20 14:18:45,2022-10-20
2744,72,55,497,1666275525,0.0,45,28,35,,WTI-22OCT20-B86.5,between,86.99,86.0,,$86 to 86.99,finalized,2022-10-20 14:18:45,2022-10-20
2745,89,55,497,1666275525,0.0,45,11,35,,WTI-22OCT20-B86.5,between,86.99,86.0,,$86 to 86.99,finalized,2022-10-20 14:18:45,2022-10-20
2746,86,81,776,1666275526,0.0,19,14,17,,WTI-22OCT20-B85.5,between,85.99,85.0,,$85 to 85.99,finalized,2022-10-20 14:18:46,2022-10-20
2747,85,81,776,1666275527,0.0,19,15,17,,WTI-22OCT20-B85.5,between,85.99,85.0,,$85 to 85.99,finalized,2022-10-20 14:18:47,2022-10-20
2748,89,62,497,1666275527,0.0,38,11,35,,WTI-22OCT20-B86.5,between,86.99,86.0,,$86 to 86.99,finalized,2022-10-20 14:18:47,2022-10-20
2749,71,62,497,1666275527,0.0,38,29,35,,WTI-22OCT20-B86.5,between,86.99,86.0,,$86 to 86.99,finalized,2022-10-20 14:18:47,2022-10-20
2750,71,66,497,1666275527,0.0,34,29,35,,WTI-22OCT20-B86.5,between,86.99,86.0,,$86 to 86.99,finalized,2022-10-20 14:18:47,2022-10-20
2751,77,72,499,1666275527,0.0,28,23,25,,WTI-22OCT20-B87.5,between,87.99,87.0,,$87 to 87.99,finalized,2022-10-20 14:18:47,2022-10-20
2752,86,81,776,1666275586,0.0,19,14,17,,WTI-22OCT20-B85.5,between,85.99,85.0,,$85 to 85.99,finalized,2022-10-20 14:19:46,2022-10-20
2753,100,81,776,1666275586,0.0,19,0,17,,WTI-22OCT20-B85.5,between,85.99,85.0,,$85 to 85.99,finalized,2022-10-20 14:19:46,2022-10-20
2754,71,62,497,1666275586,0.0,38,29,35,,WTI-22OCT20-B86.5,between,86.99,86.0,,$86 to 86.99,finalized,2022-10-20 14:19:46,2022-10-20
2755,71,55,497,1666275586,0.0,45,29,35,,WTI-22OCT20-B86.5,between,86.99,86.0,,$86 to 86.99,finalized,2022-10-20 14:19:46,2022-10-20
2756,89,55,497,1666275586,0.0,45,11,35,,WTI-22OCT20-B86.5,between,86.99,86.0,,$86 to 86.99,finalized,2022-10-20 14:19:46,2022-10-20
2757,96,92,456,1666275587,0.0,8,4,7,,WTI-22OCT20-B84.5,between,84.99,84.0,,$84 to 84.99,finalized,2022-10-20 14:19:47,2022-10-20
2758,89,81,776,1666275587,0.0,19,11,17,,WTI-22OCT20-B85.5,between,85.99,85.0,,$85 to 85.99,finalized,2022-10-20 14:19:47,2022-10-20
2759,88,81,776,1666275587,0.0,19,12,17,,WTI-22OCT20-B85.5,between,85.99,85.0,,$85 to 85.99,finalized,2022-10-20 14:19:47,2022-10-20
2760,74,55,497,1666275587,0.0,45,26,35,,WTI-22OCT20-B86.5,between,86.99,86.0,,$86 to 86.99,finalized,2022-10-20 14:19:47,2022-10-20
2761,77,70,499,1666275587,0.0,30,23,25,,WTI-22OCT20-B87.5,between,87.99,87.0,,$87 to 87.99,finalized,2022-10-20 14:19:47,2022-10-20
2762,88,83,776,1666275588,0.0,17,12,17,,WTI-22OCT20-B85.5,between,85.99,85.0,,$85 to 85.99,finalized,2022-10-20 14:19:48,2022-10-20
2763,92,87,384,1666275588,0.0,13,8,10,,WTI-22OCT20-B88.5,between,88.99,88.0,,$88 to 88.99,finalized,2022-10-20 14:19:48,2022-10-20
2764,99,95,410,1666275588,0.0,5,1,6,,WTI-22OCT20-B89.5,between,89.99,89.0,,$89 to 89.99,finalized,2022-10-20 14:19:48,2022-10-20
2765,72,55,497,1666275589,0.0,45,28,35,,WTI-22OCT20-B86.5,between,86.99,86.0,,$86 to 86.99,finalized,2022-10-20 14:19:49,2022-10-20
2766,72,67,497,1666275589,0.0,33,28,35,,WTI-22OCT20-B86.5,between,86.99,86.0,,$86 to 86.99,finalized,2022-10-20 14:19:49,2022-10-20
2767,91,87,384,1666275589,0.0,13,9,10,,WTI-22OCT20-B88.5,between,88.99,88.0,,$88 to 88.99,finalized,2022-10-20 14:19:49,2022-10-20
2768,98,95,410,1666275589,0.0,5,2,6,,WTI-22OCT20-B89.5,between,89.99,89.0,,$89 to 89.99,finalized,2022-10-20 14:19:49,2022-10-20
2769,75,70,499,1666275590,0.0,30,25,25,,WTI-22OCT20-B87.5,between,87.99,87.0,,$87 to 87.99,finalized,2022-10-20 14:19:50,2022-10-20
2770,96,91,456,1666275712,0.0,9,4,7,,WTI-22OCT20-B84.5,between,84.99,84.0,,$84 to 84.99,finalized,2022-10-20 14:21:52,2022-10-20
2771,96,90,456,1666275712,0.0,10,4,7,,WTI-22OCT20-B84.5,between,84.99,84.0,,$84 to 84.99,finalized,2022-10-20 14:21:52,2022-10-20
2772,77,70,499,1666275712,0.0,30,23,25,,WTI-22OCT20-B87.5,between,87.99,87.0,,$87 to 87.99,finalized,2022-10-20 14:21:52,2022-10-20
2773,100,95,480,1666275712,0.0,5,0,5,,WTI-22OCT20-T89.99,greater,,90.0,,$90 or higher,finalized,2022-10-20 14:21:52,2022-10-20
2774,93,87,384,1666275713,0.0,13,7,10,,WTI-22OCT20-B88.5,between,88.99,88.0,,$88 to 88.99,finalized,2022-10-20 14:21:53,2022-10-20
2775,88,81,776,1666275714,0.0,19,12,17,,WTI-22OCT20-B85.5,between,85.99,85.0,,$85 to 85.99,finalized,2022-10-20 14:21:54,2022-10-20
2776,100,81,776,1666275714,0.0,19,0,17,,WTI-22OCT20-B85.5,between,85.99,85.0,,$85 to 85.99,finalized,2022-10-20 14:21:54,2022-10-20
2777,72,65,497,1666275714,786.0,35,28,35,,WTI-22OCT20-B86.5,between,86.99,86.0,,$86 to 86.99,finalized,2022-10-20 14:21:54,2022-10-20
2778,89,65,497,1666275714,0.0,35,11,35,,WTI-22OCT20-B86.5,between,86.99,86.0,,$86 to 86.99,finalized,2022-10-20 14:21:54,2022-10-20
2779,100,79,776,1666275756,0.0,21,0,17,,WTI-22OCT20-B85.5,between,85.99,85.0,,$85 to 85.99,finalized,2022-10-20 14:22:36,2022-10-20
2780,100,55,776,1666275756,0.0,45,0,17,,WTI-22OCT20-B85.5,between,85.99,85.0,,$85 to 85.99,finalized,2022-10-20 14:22:36,2022-10-20
2781,89,63,497,1666275756,0.0,37,11,35,,WTI-22OCT20-B86.5,between,86.99,86.0,,$86 to 86.99,finalized,2022-10-20 14:22:36,2022-10-20
2782,96,70,499,1666275756,0.0,30,4,25,,WTI-22OCT20-B87.5,between,87.99,87.0,,$87 to 87.99,finalized,2022-10-20 14:22:36,2022-10-20
2783,96,55,499,1666275756,0.0,45,4,25,,WTI-22OCT20-B87.5,between,87.99,87.0,,$87 to 87.99,finalized,2022-10-20 14:22:36,2022-10-20
2784,89,55,497,1666275757,0.0,45,11,35,,WTI-22OCT20-B86.5,between,86.99,86.0,,$86 to 86.99,finalized,2022-10-20 14:22:37,2022-10-20
2785,78,55,499,1666275760,0.0,45,22,25,,WTI-22OCT20-B87.5,between,87.99,87.0,,$87 to 87.99,finalized,2022-10-20 14:22:40,2022-10-20
2786,96,91,456,1666275762,0.0,9,4,7,,WTI-22OCT20-B84.5,between,84.99,84.0,,$84 to 84.99,finalized,2022-10-20 14:22:42,2022-10-20
2787,95,91,456,1666275762,0.0,9,5,7,,WTI-22OCT20-B84.5,between,84.99,84.0,,$84 to 84.99,finalized,2022-10-20 14:22:42,2022-10-20
2788,95,92,456,1666275762,0.0,8,5,7,,WTI-22OCT20-B84.5,between,84.99,84.0,,$84 to 84.99,finalized,2022-10-20 14:22:42,2022-10-20
2789,89,55,776,1666275762,0.0,45,11,17,,WTI-22OCT20-B85.5,between,85.99,85.0,,$85 to 85.99,finalized,2022-10-20 14:22:42,2022-10-20
2790,89,82,776,1666275762,0.0,18,11,17,,WTI-22OCT20-B85.5,between,85.99,85.0,,$85 to 85.99,finalized,2022-10-20 14:22:42,2022-10-20
2791,88,82,776,1666275762,0.0,18,12,17,,WTI-22OCT20-B85.5,between,85.99,85.0,,$85 to 85.99,finalized,2022-10-20 14:22:42,2022-10-20
2792,89,64,497,1666275762,0.0,36,11,35,,WTI-22OCT20-B86.5,between,86.99,86.0,,$86 to 86.99,finalized,2022-10-20 14:22:42,2022-10-20
2793,73,64,497,1666275762,0.0,36,27,35,,WTI-22OCT20-B86.5,between,86.99,86.0,,$86 to 86.99,finalized,2022-10-20 14:22:42,2022-10-20
2794,71,64,497,1666275762,0.0,36,29,35,,WTI-22OCT20-B86.5,between,86.99,86.0,,$86 to 86.99,finalized,2022-10-20 14:22:42,2022-10-20
2795,71,66,497,1666275762,0.0,34,29,35,,WTI-22OCT20-B86.5,between,86.99,86.0,,$86 to 86.99,finalized,2022-10-20 14:22:42,2022-10-20
2796,78,67,499,1666275762,0.0,33,22,25,,WTI-22OCT20-B87.5,between,87.99,87.0,,$87 to 87.99,finalized,2022-10-20 14:22:42,2022-10-20
2797,78,71,499,1666275762,0.0,29,22,25,,WTI-22OCT20-B87.5,between,87.99,87.0,,$87 to 87.99,finalized,2022-10-20 14:22:42,2022-10-20
2798,93,88,384,1666275762,0.0,12,7,10,,WTI-22OCT20-B88.5,between,88.99,88.0,,$88 to 88.99,finalized,2022-10-20 14:22:42,2022-10-20
2799,92,88,384,1666275762,0.0,12,8,10,,WTI-22OCT20-B88.5,between,88.99,88.0,,$88 to 88.99,finalized,2022-10-20 14:22:42,2022-10-20
2800,99,95,480,1666275762,0.0,5,1,5,,WTI-22OCT20-T89.99,greater,,90.0,,$90 or higher,finalized,2022-10-20 14:22:42,2022-10-20
2801,87,82,776,1666275763,0.0,18,13,17,,WTI-22OCT20-B85.5,between,85.99,85.0,,$85 to 85.99,finalized,2022-10-20 14:22:43,2022-10-20
2802,76,71,499,1666275763,0.0,29,24,25,,WTI-22OCT20-B87.5,between,87.99,87.0,,$87 to 87.99,finalized,2022-10-20 14:22:43,2022-10-20
2803,87,80,776,1666275803,94.0,20,13,18,,WTI-22OCT20-B85.5,between,85.99,85.0,,$85 to 85.99,finalized,2022-10-20 14:23:23,2022-10-20
2804,73,66,497,1666275816,0.0,34,27,35,,WTI-22OCT20-B86.5,between,86.99,86.0,,$86 to 86.99,finalized,2022-10-20 14:23:36,2022-10-20
2805,89,66,497,1666275816,0.0,34,11,35,,WTI-22OCT20-B86.5,between,86.99,86.0,,$86 to 86.99,finalized,2022-10-20 14:23:36,2022-10-20
2806,76,69,499,1666275816,0.0,31,24,25,,WTI-22OCT20-B87.5,between,87.99,87.0,,$87 to 87.99,finalized,2022-10-20 14:23:36,2022-10-20
2807,92,87,384,1666275816,0.0,13,8,10,,WTI-22OCT20-B88.5,between,88.99,88.0,,$88 to 88.99,finalized,2022-10-20 14:23:36,2022-10-20
2808,99,95,410,1666275816,0.0,5,1,6,,WTI-22OCT20-B89.5,between,89.99,89.0,,$89 to 89.99,finalized,2022-10-20 14:23:36,2022-10-20
2809,99,95,453,1666275817,0.0,5,1,9,,WTI-22OCT20-B83.5,between,83.99,83.0,,$83 to 83.99,finalized,2022-10-20 14:23:37,2022-10-20
2810,96,92,456,1666275817,1021.0,8,4,7,,WTI-22OCT20-B84.5,between,84.99,84.0,,$84 to 84.99,finalized,2022-10-20 14:23:37,2022-10-20
2811,88,80,776,1666275817,0.0,20,12,18,,WTI-22OCT20-B85.5,between,85.99,85.0,,$85 to 85.99,finalized,2022-10-20 14:23:37,2022-10-20
2812,89,62,497,1666275817,0.0,38,11,35,,WTI-22OCT20-B86.5,between,86.99,86.0,,$86 to 86.99,finalized,2022-10-20 14:23:37,2022-10-20
2813,89,55,497,1666275817,0.0,45,11,35,,WTI-22OCT20-B86.5,between,86.99,86.0,,$86 to 86.99,finalized,2022-10-20 14:23:37,2022-10-20
2814,92,86,384,1666275817,0.0,14,8,10,,WTI-22OCT20-B88.5,between,88.99,88.0,,$88 to 88.99,finalized,2022-10-20 14:23:37,2022-10-20
2815,99,96,453,1666275818,0.0,4,1,9,,WTI-22OCT20-B83.5,between,83.99,83.0,,$83 to 83.99,finalized,2022-10-20 14:23:38,2022-10-20
2816,88,78,776,1666275818,0.0,22,12,18,,WTI-22OCT20-B85.5,between,85.99,85.0,,$85 to 85.99,finalized,2022-10-20 14:23:38,2022-10-20
2817,88,55,776,1666275818,0.0,45,12,18,,WTI-22OCT20-B85.5,between,85.99,85.0,,$85 to 85.99,finalized,2022-10-20 14:23:38,2022-10-20
2818,74,69,499,1666275818,0.0,31,26,25,,WTI-22OCT20-B87.5,between,87.99,87.0,,$87 to 87.99,finalized,2022-10-20 14:23:38,2022-10-20
2819,98,95,410,1666275818,0.0,5,2,6,,WTI-22OCT20-B89.5,between,89.99,89.0,,$89 to 89.99,finalized,2022-10-20 14:23:38,2022-10-20
2820,91,86,384,1666275819,0.0,14,9,10,,WTI-22OCT20-B88.5,between,88.99,88.0,,$88 to 88.99,finalized,2022-10-20 14:23:39,2022-10-20
2821,88,83,776,1666275822,0.0,17,12,18,,WTI-22OCT20-B85.5,between,85.99,85.0,,$85 to 85.99,finalized,2022-10-20 14:23:42,2022-10-20
2822,89,63,497,1666275822,0.0,37,11,35,,WTI-22OCT20-B86.5,between,86.99,86.0,,$86 to 86.99,finalized,2022-10-20 14:23:42,2022-10-20
2823,74,63,497,1666275822,0.0,37,26,35,,WTI-22OCT20-B86.5,between,86.99,86.0,,$86 to 86.99,finalized,2022-10-20 14:23:42,2022-10-20
2824,72,63,497,1666275822,0.0,37,28,35,,WTI-22OCT20-B86.5,between,86.99,86.0,,$86 to 86.99,finalized,2022-10-20 14:23:42,2022-10-20
2825,72,65,497,1666275822,0.0,35,28,35,,WTI-22OCT20-B86.5,between,86.99,86.0,,$86 to 86.99,finalized,2022-10-20 14:23:42,2022-10-20
2826,72,67,497,1666275823,0.0,33,28,35,,WTI-22OCT20-B86.5,between,86.99,86.0,,$86 to 86.99,finalized,2022-10-20 14:23:43,2022-10-20
2827,91,87,384,1666275823,0.0,13,9,10,,WTI-22OCT20-B88.5,between,88.99,88.0,,$88 to 88.99,finalized,2022-10-20 14:23:43,2022-10-20
2828,88,83,776,1666275828,10.0,17,12,17,,WTI-22OCT20-B85.5,between,85.99,85.0,,$85 to 85.99,finalized,2022-10-20 14:23:48,2022-10-20
2829,88,83,779,1666275835,10.0,17,12,17,,WTI-22OCT20-B85.5,between,85.99,85.0,,$85 to 85.99,finalized,2022-10-20 14:23:55,2022-10-20
2830,88,83,789,1666275843,10.0,17,12,17,,WTI-22OCT20-B85.5,between,85.99,85.0,,$85 to 85.99,finalized,2022-10-20 14:24:03,2022-10-20
2831,88,83,799,1666275850,10.0,17,12,17,,WTI-22OCT20-B85.5,between,85.99,85.0,,$85 to 85.99,finalized,2022-10-20 14:24:10,2022-10-20
2832,88,81,853,1666275861,54.0,19,12,17,,WTI-22OCT20-B85.5,between,85.99,85.0,,$85 to 85.99,finalized,2022-10-20 14:24:21,2022-10-20
2833,91,86,479,1666275867,95.0,14,9,13,,WTI-22OCT20-B88.5,between,88.99,88.0,,$88 to 88.99,finalized,2022-10-20 14:24:27,2022-10-20
2834,74,67,562,1666275870,63.0,33,26,31,,WTI-22OCT20-B87.5,between,87.99,87.0,,$87 to 87.99,finalized,2022-10-20 14:24:30,2022-10-20
2835,100,96,453,1666275876,0.0,4,0,9,,WTI-22OCT20-B83.5,between,83.99,83.0,,$83 to 83.99,finalized,2022-10-20 14:24:36,2022-10-20
2836,74,65,562,1666275876,0.0,35,26,31,,WTI-22OCT20-B87.5,between,87.99,87.0,,$87 to 87.99,finalized,2022-10-20 14:24:36,2022-10-20
2837,76,65,562,1666275876,0.0,35,24,31,,WTI-22OCT20-B87.5,between,87.99,87.0,,$87 to 87.99,finalized,2022-10-20 14:24:36,2022-10-20
2838,76,55,562,1666275877,0.0,45,24,31,,WTI-22OCT20-B87.5,between,87.99,87.0,,$87 to 87.99,finalized,2022-10-20 14:24:37,2022-10-20
2839,98,94,410,1666275877,0.0,6,2,6,,WTI-22OCT20-B89.5,between,89.99,89.0,,$89 to 89.99,finalized,2022-10-20 14:24:37,2022-10-20
2840,98,93,410,1666275877,0.0,7,2,6,,WTI-22OCT20-B89.5,between,89.99,89.0,,$89 to 89.99,finalized,2022-10-20 14:24:37,2022-10-20
2841,88,79,853,1666275878,0.0,21,12,17,,WTI-22OCT20-B85.5,between,85.99,85.0,,$85 to 85.99,finalized,2022-10-20 14:24:38,2022-10-20
2842,74,67,497,1666275878,0.0,33,26,35,,WTI-22OCT20-B86.5,between,86.99,86.0,,$86 to 86.99,finalized,2022-10-20 14:24:38,2022-10-20
2843,92,86,479,1666275878,0.0,14,8,13,,WTI-22OCT20-B88.5,between,88.99,88.0,,$88 to 88.99,finalized,2022-10-20 14:24:38,2022-10-20
2844,97,92,456,1666275879,0.0,8,3,7,,WTI-22OCT20-B84.5,between,84.99,84.0,,$84 to 84.99,finalized,2022-10-20 14:24:39,2022-10-20
2845,98,92,456,1666275879,0.0,8,2,7,,WTI-22OCT20-B84.5,between,84.99,84.0,,$84 to 84.99,finalized,2022-10-20 14:24:39,2022-10-20
2846,88,55,853,1666275879,0.0,45,12,17,,WTI-22OCT20-B85.5,between,85.99,85.0,,$85 to 85.99,finalized,2022-10-20 14:24:39,2022-10-20
2847,89,67,497,1666275879,0.0,33,11,35,,WTI-22OCT20-B86.5,between,86.99,86.0,,$86 to 86.99,finalized,2022-10-20 14:24:39,2022-10-20
2848,89,55,497,1666275879,0.0,45,11,35,,WTI-22OCT20-B86.5,between,86.99,86.0,,$86 to 86.99,finalized,2022-10-20 14:24:39,2022-10-20
2849,100,95,480,1666275879,0.0,5,0,5,,WTI-22OCT20-T89.99,greater,,90.0,,$90 or higher,finalized,2022-10-20 14:24:39,2022-10-20
2850,76,68,562,1666275882,0.0,32,24,31,,WTI-22OCT20-B87.5,between,87.99,87.0,,$87 to 87.99,finalized,2022-10-20 14:24:42,2022-10-20
2851,76,70,562,1666275882,0.0,30,24,31,,WTI-22OCT20-B87.5,between,87.99,87.0,,$87 to 87.99,finalized,2022-10-20 14:24:42,2022-10-20
2852,98,95,410,1666275882,0.0,5,2,6,,WTI-22OCT20-B89.5,between,89.99,89.0,,$89 to 89.99,finalized,2022-10-20 14:24:42,2022-10-20
2853,99,95,480,1666275882,0.0,5,1,5,,WTI-22OCT20-T89.99,greater,,90.0,,$90 or higher,finalized,2022-10-20 14:24:42,2022-10-20
2854,99,96,453,1666275883,0.0,4,1,9,,WTI-22OCT20-B83.5,between,83.99,83.0,,$83 to 83.99,finalized,2022-10-20 14:24:43,2022-10-20
2855,97,92,456,1666275884,0.0,8,3,7,,WTI-22OCT20-B84.5,between,84.99,84.0,,$84 to 84.99,finalized,2022-10-20 14:24:44,2022-10-20
2856,96,92,456,1666275884,0.0,8,4,7,,WTI-22OCT20-B84.5,between,84.99,84.0,,$84 to 84.99,finalized,2022-10-20 14:24:44,2022-10-20
2857,88,78,853,1666275884,0.0,22,12,17,,WTI-22OCT20-B85.5,between,85.99,85.0,,$85 to 85.99,finalized,2022-10-20 14:24:44,2022-10-20
2858,88,80,853,1666275884,0.0,20,12,17,,WTI-22OCT20-B85.5,between,85.99,85.0,,$85 to 85.99,finalized,2022-10-20 14:24:44,2022-10-20
2859,88,82,853,1666275884,0.0,18,12,17,,WTI-22OCT20-B85.5,between,85.99,85.0,,$85 to 85.99,finalized,2022-10-20 14:24:44,2022-10-20
2860,75,55,497,1666275884,0.0,45,25,35,,WTI-22OCT20-B86.5,between,86.99,86.0,,$86 to 86.99,finalized,2022-10-20 14:24:44,2022-10-20
2861,73,55,497,1666275884,0.0,45,27,35,,WTI-22OCT20-B86.5,between,86.99,86.0,,$86 to 86.99,finalized,2022-10-20 14:24:44,2022-10-20
2862,73,66,497,1666275884,0.0,34,27,35,,WTI-22OCT20-B86.5,between,86.99,86.0,,$86 to 86.99,finalized,2022-10-20 14:24:44,2022-10-20
2863,71,66,497,1666275884,0.0,34,29,35,,WTI-22OCT20-B86.5,between,86.99,86.0,,$86 to 86.99,finalized,2022-10-20 14:24:44,2022-10-20
2864,92,88,479,1666275884,0.0,12,8,13,,WTI-22OCT20-B88.5,between,88.99,88.0,,$88 to 88.99,finalized,2022-10-20 14:24:44,2022-10-20
2865,99,96,480,1666275884,0.0,4,1,5,,WTI-22OCT20-T89.99,greater,,90.0,,$90 or higher,finalized,2022-10-20 14:24:44,2022-10-20
2866,87,82,853,1666275885,0.0,18,13,17,,WTI-22OCT20-B85.5,between,85.99,85.0,,$85 to 85.99,finalized,2022-10-20 14:24:45,2022-10-20
2867,87,82,863,1666275894,10.0,18,13,18,,WTI-22OCT20-B85.5,between,85.99,85.0,,$85 to 85.99,finalized,2022-10-20 14:24:54,2022-10-20
2868,87,82,873,1666275902,10.0,18,13,18,,WTI-22OCT20-B85.5,between,85.99,85.0,,$85 to 85.99,finalized,2022-10-20 14:25:02,2022-10-20
2869,87,82,883,1666275909,10.0,18,13,18,,WTI-22OCT20-B85.5,between,85.99,85.0,,$85 to 85.99,finalized,2022-10-20 14:25:09,2022-10-20
2870,87,80,978,1666275911,95.0,20,13,18,,WTI-22OCT20-B85.5,between,85.99,85.0,,$85 to 85.99,finalized,2022-10-20 14:25:11,2022-10-20
2871,76,68,562,1666275968,0.0,32,24,31,,WTI-22OCT20-B87.5,between,87.99,87.0,,$87 to 87.99,finalized,2022-10-20 14:26:08,2022-10-20
2872,76,66,562,1666275969,0.0,34,24,31,,WTI-22OCT20-B87.5,between,87.99,87.0,,$87 to 87.99,finalized,2022-10-20 14:26:09,2022-10-20
2873,87,82,978,1666275970,0.0,18,13,18,,WTI-22OCT20-B85.5,between,85.99,85.0,,$85 to 85.99,finalized,2022-10-20 14:26:10,2022-10-20
2874,76,71,562,1666275970,0.0,29,24,31,,WTI-22OCT20-B87.5,between,87.99,87.0,,$87 to 87.99,finalized,2022-10-20 14:26:10,2022-10-20
2875,86,82,978,1666275971,0.0,18,14,18,,WTI-22OCT20-B85.5,between,85.99,85.0,,$85 to 85.99,finalized,2022-10-20 14:26:11,2022-10-20
2876,86,82,988,1666275974,10.0,18,14,18,,WTI-22OCT20-B85.5,between,85.99,85.0,,$85 to 85.99,finalized,2022-10-20 14:26:14,2022-10-20
2877,86,82,998,1666275981,10.0,18,14,18,,WTI-22OCT20-B85.5,between,85.99,85.0,,$85 to 85.99,finalized,2022-10-20 14:26:21,2022-10-20
2878,86,82,1008,1666275989,10.0,18,14,18,,WTI-22OCT20-B85.5,between,85.99,85.0,,$85 to 85.99,finalized,2022-10-20 14:26:29,2022-10-20
2879,86,82,1018,1666275996,10.0,18,14,18,,WTI-22OCT20-B85.5,between,85.99,85.0,,$85 to 85.99,finalized,2022-10-20 14:26:36,2022-10-20
2880,86,82,1028,1666276004,10.0,18,14,18,,WTI-22OCT20-B85.5,between,85.99,85.0,,$85 to 85.99,finalized,2022-10-20 14:26:44,2022-10-20
2881,86,82,1038,1666276012,10.0,18,14,18,,WTI-22OCT20-B85.5,between,85.99,85.0,,$85 to 85.99,finalized,2022-10-20 14:26:52,2022-10-20
2882,86,82,1048,1666276019,10.0,18,14,18,,WTI-22OCT20-B85.5,between,85.99,85.0,,$85 to 85.99,finalized,2022-10-20 14:26:59,2022-10-20
2883,86,80,1073,1666276024,25.0,20,14,18,,WTI-22OCT20-B85.5,between,85.99,85.0,,$85 to 85.99,finalized,2022-10-20 14:27:04,2022-10-20
2884,76,69,562,1666276043,0.0,31,24,31,,WTI-22OCT20-B87.5,between,87.99,87.0,,$87 to 87.99,finalized,2022-10-20 14:27:23,2022-10-20
2885,76,55,562,1666276043,0.0,45,24,31,,WTI-22OCT20-B87.5,between,87.99,87.0,,$87 to 87.99,finalized,2022-10-20 14:27:23,2022-10-20
2886,96,91,456,1666276044,0.0,9,4,7,,WTI-22OCT20-B84.5,between,84.99,84.0,,$84 to 84.99,finalized,2022-10-20 14:27:24,2022-10-20
2887,99,95,453,1666276045,0.0,5,1,9,,WTI-22OCT20-B83.5,between,83.99,83.0,,$83 to 83.99,finalized,2022-10-20 14:27:25,2022-10-20
2888,99,96,453,1666276045,0.0,4,1,9,,WTI-22OCT20-B83.5,between,83.99,83.0,,$83 to 83.99,finalized,2022-10-20 14:27:25,2022-10-20
2889,96,92,456,1666276045,0.0,8,4,7,,WTI-22OCT20-B84.5,between,84.99,84.0,,$84 to 84.99,finalized,2022-10-20 14:27:25,2022-10-20
2890,85,80,1073,1666276045,0.0,20,15,18,,WTI-22OCT20-B85.5,between,85.99,85.0,,$85 to 85.99,finalized,2022-10-20 14:27:25,2022-10-20
2891,85,77,1073,1666276045,0.0,23,15,18,,WTI-22OCT20-B85.5,between,85.99,85.0,,$85 to 85.99,finalized,2022-10-20 14:27:25,2022-10-20
2892,85,79,1073,1666276045,0.0,21,15,18,,WTI-22OCT20-B85.5,between,85.99,85.0,,$85 to 85.99,finalized,2022-10-20 14:27:25,2022-10-20
2893,85,81,1073,1666276045,0.0,19,15,18,,WTI-22OCT20-B85.5,between,85.99,85.0,,$85 to 85.99,finalized,2022-10-20 14:27:25,2022-10-20
2894,71,67,497,1666276045,0.0,33,29,35,,WTI-22OCT20-B86.5,between,86.99,86.0,,$86 to 86.99,finalized,2022-10-20 14:27:25,2022-10-20
2895,74,67,497,1666276045,0.0,33,26,35,,WTI-22OCT20-B86.5,between,86.99,86.0,,$86 to 86.99,finalized,2022-10-20 14:27:25,2022-10-20
2896,72,67,497,1666276045,0.0,33,28,35,,WTI-22OCT20-B86.5,between,86.99,86.0,,$86 to 86.99,finalized,2022-10-20 14:27:25,2022-10-20
2897,76,70,562,1666276045,0.0,30,24,31,,WTI-22OCT20-B87.5,between,87.99,87.0,,$87 to 87.99,finalized,2022-10-20 14:27:25,2022-10-20
2898,85,81,1083,1666276048,10.0,19,15,19,,WTI-22OCT20-B85.5,between,85.99,85.0,,$85 to 85.99,finalized,2022-10-20 14:27:28,2022-10-20
2899,85,79,1172,1666276053,89.0,21,15,19,,WTI-22OCT20-B85.5,between,85.99,85.0,,$85 to 85.99,finalized,2022-10-20 14:27:33,2022-10-20
2900,93,88,479,1666276103,0.0,12,7,13,,WTI-22OCT20-B88.5,between,88.99,88.0,,$88 to 88.99,finalized,2022-10-20 14:28:23,2022-10-20
2901,96,70,562,1666276104,0.0,30,4,31,,WTI-22OCT20-B87.5,between,87.99,87.0,,$87 to 87.99,finalized,2022-10-20 14:28:24,2022-10-20
2902,86,79,1172,1666276105,0.0,21,14,19,,WTI-22OCT20-B85.5,between,85.99,85.0,,$85 to 85.99,finalized,2022-10-20 14:28:25,2022-10-20
2903,95,92,456,1666276109,0.0,8,5,7,,WTI-22OCT20-B84.5,between,84.99,84.0,,$84 to 84.99,finalized,2022-10-20 14:28:29,2022-10-20
2904,84,79,1172,1666276109,0.0,21,16,19,,WTI-22OCT20-B85.5,between,85.99,85.0,,$85 to 85.99,finalized,2022-10-20 14:28:29,2022-10-20
2905,96,72,562,1666276109,0.0,28,4,31,,WTI-22OCT20-B87.5,between,87.99,87.0,,$87 to 87.99,finalized,2022-10-20 14:28:29,2022-10-20
2906,79,72,562,1666276109,0.0,28,21,31,,WTI-22OCT20-B87.5,between,87.99,87.0,,$87 to 87.99,finalized,2022-10-20 14:28:29,2022-10-20
2907,77,72,562,1666276109,0.0,28,23,31,,WTI-22OCT20-B87.5,between,87.99,87.0,,$87 to 87.99,finalized,2022-10-20 14:28:29,2022-10-20
2908,93,89,479,1666276109,0.0,11,7,13,,WTI-22OCT20-B88.5,between,88.99,88.0,,$88 to 88.99,finalized,2022-10-20 14:28:29,2022-10-20
2909,100,96,453,1666276175,0.0,4,0,9,,WTI-22OCT20-B83.5,between,83.99,83.0,,$83 to 83.99,finalized,2022-10-20 14:29:35,2022-10-20
2910,72,65,497,1666276175,0.0,35,28,35,,WTI-22OCT20-B86.5,between,86.99,86.0,,$86 to 86.99,finalized,2022-10-20 14:29:35,2022-10-20
2911,98,94,410,1666276175,0.0,6,2,6,,WTI-22OCT20-B89.5,between,89.99,89.0,,$89 to 89.99,finalized,2022-10-20 14:29:35,2022-10-20
2912,86,79,1172,1666276176,0.0,21,14,19,,WTI-22OCT20-B85.5,between,85.99,85.0,,$85 to 85.99,finalized,2022-10-20 14:29:36,2022-10-20
2913,72,55,497,1666276176,0.0,45,28,35,,WTI-22OCT20-B86.5,between,86.99,86.0,,$86 to 86.99,finalized,2022-10-20 14:29:36,2022-10-20
2914,99,94,410,1666276176,0.0,6,1,6,,WTI-22OCT20-B89.5,between,89.99,89.0,,$89 to 89.99,finalized,2022-10-20 14:29:36,2022-10-20
2915,100,94,410,1666276176,0.0,6,0,6,,WTI-22OCT20-B89.5,between,89.99,89.0,,$89 to 89.99,finalized,2022-10-20 14:29:36,2022-10-20
2916,100,95,410,1666276177,0.0,5,0,6,,WTI-22OCT20-B89.5,between,89.99,89.0,,$89 to 89.99,finalized,2022-10-20 14:29:37,2022-10-20
2917,99,95,410,1666276177,0.0,5,1,6,,WTI-22OCT20-B89.5,between,89.99,89.0,,$89 to 89.99,finalized,2022-10-20 14:29:37,2022-10-20
2918,99,96,453,1666276179,0.0,4,1,9,,WTI-22OCT20-B83.5,between,83.99,83.0,,$83 to 83.99,finalized,2022-10-20 14:29:39,2022-10-20
2919,85,79,1172,1666276179,0.0,21,15,19,,WTI-22OCT20-B85.5,between,85.99,85.0,,$85 to 85.99,finalized,2022-10-20 14:29:39,2022-10-20
2920,72,66,497,1666276179,0.0,34,28,35,,WTI-22OCT20-B86.5,between,86.99,86.0,,$86 to 86.99,finalized,2022-10-20 14:29:39,2022-10-20
2921,83,79,1172,1666276180,0.0,21,17,19,,WTI-22OCT20-B85.5,between,85.99,85.0,,$85 to 85.99,finalized,2022-10-20 14:29:40,2022-10-20
2922,86,79,1172,1666276251,0.0,21,14,19,,WTI-22OCT20-B85.5,between,85.99,85.0,,$85 to 85.99,finalized,2022-10-20 14:30:51,2022-10-20
2923,72,64,497,1666276251,0.0,36,28,35,,WTI-22OCT20-B86.5,between,86.99,86.0,,$86 to 86.99,finalized,2022-10-20 14:30:51,2022-10-20
2924,72,62,497,1666276251,0.0,38,28,35,,WTI-22OCT20-B86.5,between,86.99,86.0,,$86 to 86.99,finalized,2022-10-20 14:30:51,2022-10-20
2925,72,55,497,1666276251,0.0,45,28,35,,WTI-22OCT20-B86.5,between,86.99,86.0,,$86 to 86.99,finalized,2022-10-20 14:30:51,2022-10-20
2926,94,89,479,1666276251,0.0,11,6,13,,WTI-22OCT20-B88.5,between,88.99,88.0,,$88 to 88.99,finalized,2022-10-20 14:30:51,2022-10-20
2927,84,79,1172,1666276253,0.0,21,16,19,,WTI-22OCT20-B85.5,between,85.99,85.0,,$85 to 85.99,finalized,2022-10-20 14:30:53,2022-10-20
2928,72,63,497,1666276253,0.0,37,28,35,,WTI-22OCT20-B86.5,between,86.99,86.0,,$86 to 86.99,finalized,2022-10-20 14:30:53,2022-10-20
2929,72,65,497,1666276253,0.0,35,28,35,,WTI-22OCT20-B86.5,between,86.99,86.0,,$86 to 86.99,finalized,2022-10-20 14:30:53,2022-10-20
2930,72,67,497,1666276253,0.0,33,28,35,,WTI-22OCT20-B86.5,between,86.99,86.0,,$86 to 86.99,finalized,2022-10-20 14:30:53,2022-10-20
2931,93,89,479,1666276253,0.0,11,7,13,,WTI-22OCT20-B88.5,between,88.99,88.0,,$88 to 88.99,finalized,2022-10-20 14:30:53,2022-10-20
2932,98,95,410,1666276254,0.0,5,2,6,,WTI-22OCT20-B89.5,between,89.99,89.0,,$89 to 89.99,finalized,2022-10-20 14:30:54,2022-10-20
2933,84,79,1182,1666276399,10.0,21,16,21,,WTI-22OCT20-B85.5,between,85.99,85.0,,$85 to 85.99,finalized,2022-10-20 14:33:19,2022-10-20
2934,84,79,1192,1666276406,10.0,21,16,21,,WTI-22OCT20-B85.5,between,85.99,85.0,,$85 to 85.99,finalized,2022-10-20 14:33:26,2022-10-20
2935,79,72,562,1666276408,136.0,28,21,23,,WTI-22OCT20-B87.5,between,87.99,87.0,,$87 to 87.99,finalized,2022-10-20 14:33:28,2022-10-20
2936,84,77,1314,1666276413,122.0,23,16,21,,WTI-22OCT20-B85.5,between,85.99,85.0,,$85 to 85.99,finalized,2022-10-20 14:33:33,2022-10-20
2937,95,91,601,1666276419,145.0,9,5,8,,WTI-22OCT20-B84.5,between,84.99,84.0,,$84 to 84.99,finalized,2022-10-20 14:33:39,2022-10-20
2938,86,77,1314,1666276420,0.0,23,14,21,,WTI-22OCT20-B85.5,between,85.99,85.0,,$85 to 85.99,finalized,2022-10-20 14:33:40,2022-10-20
2939,72,65,497,1666276422,0.0,35,28,35,,WTI-22OCT20-B86.5,between,86.99,86.0,,$86 to 86.99,finalized,2022-10-20 14:33:42,2022-10-20
2940,99,95,410,1666276422,410.0,5,1,6,,WTI-22OCT20-B89.5,between,89.99,89.0,,$89 to 89.99,finalized,2022-10-20 14:33:42,2022-10-20
2941,72,55,497,1666276423,0.0,45,28,35,,WTI-22OCT20-B86.5,between,86.99,86.0,,$86 to 86.99,finalized,2022-10-20 14:33:43,2022-10-20
2942,89,55,497,1666276423,0.0,45,11,35,,WTI-22OCT20-B86.5,between,86.99,86.0,,$86 to 86.99,finalized,2022-10-20 14:33:43,2022-10-20
2943,93,88,479,1666276423,0.0,12,7,13,,WTI-22OCT20-B88.5,between,88.99,88.0,,$88 to 88.99,finalized,2022-10-20 14:33:43,2022-10-20
2944,83,77,1314,1666276424,0.0,23,17,21,,WTI-22OCT20-B85.5,between,85.99,85.0,,$85 to 85.99,finalized,2022-10-20 14:33:44,2022-10-20
2945,71,55,497,1666276424,0.0,45,29,35,,WTI-22OCT20-B86.5,between,86.99,86.0,,$86 to 86.99,finalized,2022-10-20 14:33:44,2022-10-20
2946,71,66,497,1666276424,0.0,34,29,35,,WTI-22OCT20-B86.5,between,86.99,86.0,,$86 to 86.99,finalized,2022-10-20 14:33:44,2022-10-20
2947,93,89,479,1666276424,0.0,11,7,13,,WTI-22OCT20-B88.5,between,88.99,88.0,,$88 to 88.99,finalized,2022-10-20 14:33:44,2022-10-20
2948,83,75,1420,1666276447,106.0,25,17,23,,WTI-22OCT20-B85.5,between,85.99,85.0,,$85 to 85.99,finalized,2022-10-20 14:34:07,2022-10-20
2949,96,91,601,1666276479,0.0,9,4,8,,WTI-22OCT20-B84.5,between,84.99,84.0,,$84 to 84.99,finalized,2022-10-20 14:34:39,2022-10-20
2950,86,75,1420,1666276480,0.0,25,14,23,,WTI-22OCT20-B85.5,between,85.99,85.0,,$85 to 85.99,finalized,2022-10-20 14:34:40,2022-10-20
2951,71,64,591,1666276480,94.0,36,29,34,,WTI-22OCT20-B86.5,between,86.99,86.0,,$86 to 86.99,finalized,2022-10-20 14:34:40,2022-10-20
2952,96,92,601,1666276481,0.0,8,4,8,,WTI-22OCT20-B84.5,between,84.99,84.0,,$84 to 84.99,finalized,2022-10-20 14:34:41,2022-10-20
2953,86,79,1420,1666276481,0.0,21,14,23,,WTI-22OCT20-B85.5,between,85.99,85.0,,$85 to 85.99,finalized,2022-10-20 14:34:41,2022-10-20
2954,84,79,1420,1666276481,0.0,21,16,23,,WTI-22OCT20-B85.5,between,85.99,85.0,,$85 to 85.99,finalized,2022-10-20 14:34:41,2022-10-20
2955,77,72,562,1666276482,0.0,28,23,23,,WTI-22OCT20-B87.5,between,87.99,87.0,,$87 to 87.99,finalized,2022-10-20 14:34:42,2022-10-20
2956,84,79,1430,1666276485,10.0,21,16,21,,WTI-22OCT20-B85.5,between,85.99,85.0,,$85 to 85.99,finalized,2022-10-20 14:34:45,2022-10-20
2957,84,77,1538,1666276490,108.0,23,16,21,,WTI-22OCT20-B85.5,between,85.99,85.0,,$85 to 85.99,finalized,2022-10-20 14:34:50,2022-10-20
2958,96,90,601,1666276572,0.0,10,4,8,,WTI-22OCT20-B84.5,between,84.99,84.0,,$84 to 84.99,finalized,2022-10-20 14:36:12,2022-10-20
2959,84,75,1538,1666276572,0.0,25,16,21,,WTI-22OCT20-B85.5,between,85.99,85.0,,$85 to 85.99,finalized,2022-10-20 14:36:12,2022-10-20
2960,84,55,1538,1666276572,0.0,45,16,21,,WTI-22OCT20-B85.5,between,85.99,85.0,,$85 to 85.99,finalized,2022-10-20 14:36:12,2022-10-20
2961,86,55,1538,1666276572,0.0,45,14,21,,WTI-22OCT20-B85.5,between,85.99,85.0,,$85 to 85.99,finalized,2022-10-20 14:36:12,2022-10-20
2962,100,55,1538,1666276572,0.0,45,0,21,,WTI-22OCT20-B85.5,between,85.99,85.0,,$85 to 85.99,finalized,2022-10-20 14:36:12,2022-10-20
2963,77,70,562,1666276572,0.0,30,23,23,,WTI-22OCT20-B87.5,between,87.99,87.0,,$87 to 87.99,finalized,2022-10-20 14:36:12,2022-10-20
2964,81,70,562,1666276572,0.0,30,19,23,,WTI-22OCT20-B87.5,between,87.99,87.0,,$87 to 87.99,finalized,2022-10-20 14:36:12,2022-10-20
2965,81,68,562,1666276572,0.0,32,19,23,,WTI-22OCT20-B87.5,between,87.99,87.0,,$87 to 87.99,finalized,2022-10-20 14:36:12,2022-10-20
2966,95,89,479,1666276572,0.0,11,5,13,,WTI-22OCT20-B88.5,between,88.99,88.0,,$88 to 88.99,finalized,2022-10-20 14:36:12,2022-10-20
2967,100,96,480,1666276572,0.0,4,0,5,,WTI-22OCT20-T89.99,greater,,90.0,,$90 or higher,finalized,2022-10-20 14:36:12,2022-10-20
2968,81,55,562,1666276573,0.0,45,19,23,,WTI-22OCT20-B87.5,between,87.99,87.0,,$87 to 87.99,finalized,2022-10-20 14:36:13,2022-10-20
2969,96,55,562,1666276573,0.0,45,4,23,,WTI-22OCT20-B87.5,between,87.99,87.0,,$87 to 87.99,finalized,2022-10-20 14:36:13,2022-10-20
2970,100,95,480,1666276575,0.0,5,0,5,,WTI-22OCT20-T89.99,greater,,90.0,,$90 or higher,finalized,2022-10-20 14:36:15,2022-10-20
2971,94,90,601,1666276576,0.0,10,6,8,,WTI-22OCT20-B84.5,between,84.99,84.0,,$84 to 84.99,finalized,2022-10-20 14:36:16,2022-10-20
2972,78,55,1538,1666276576,0.0,45,22,21,,WTI-22OCT20-B85.5,between,85.99,85.0,,$85 to 85.99,finalized,2022-10-20 14:36:16,2022-10-20
2973,78,73,1538,1666276576,0.0,27,22,21,,WTI-22OCT20-B85.5,between,85.99,85.0,,$85 to 85.99,finalized,2022-10-20 14:36:16,2022-10-20
2974,71,66,591,1666276576,0.0,34,29,34,,WTI-22OCT20-B86.5,between,86.99,86.0,,$86 to 86.99,finalized,2022-10-20 14:36:16,2022-10-20
2975,86,55,562,1666276576,0.0,45,14,23,,WTI-22OCT20-B87.5,between,87.99,87.0,,$87 to 87.99,finalized,2022-10-20 14:36:16,2022-10-20
2976,86,78,562,1666276576,0.0,22,14,23,,WTI-22OCT20-B87.5,between,87.99,87.0,,$87 to 87.99,finalized,2022-10-20 14:36:16,2022-10-20
2977,84,78,562,1666276576,0.0,22,16,23,,WTI-22OCT20-B87.5,between,87.99,87.0,,$87 to 87.99,finalized,2022-10-20 14:36:16,2022-10-20
2978,82,78,562,1666276576,0.0,22,18,23,,WTI-22OCT20-B87.5,between,87.99,87.0,,$87 to 87.99,finalized,2022-10-20 14:36:16,2022-10-20
2979,95,91,479,1666276576,0.0,9,5,13,,WTI-22OCT20-B88.5,between,88.99,88.0,,$88 to 88.99,finalized,2022-10-20 14:36:16,2022-10-20
2980,99,96,410,1666276576,0.0,4,1,6,,WTI-22OCT20-B89.5,between,89.99,89.0,,$89 to 89.99,finalized,2022-10-20 14:36:16,2022-10-20
2981,100,96,480,1666276576,0.0,4,0,5,,WTI-22OCT20-T89.99,greater,,90.0,,$90 or higher,finalized,2022-10-20 14:36:16,2022-10-20
2982,71,62,762,1666276631,171.0,38,29,36,,WTI-22OCT20-B86.5,between,86.99,86.0,,$86 to 86.99,finalized,2022-10-20 14:37:11,2022-10-20
2983,78,71,1636,1666276644,3203.0,29,22,27,,WTI-22OCT20-B85.5,between,85.99,85.0,,$85 to 85.99,finalized,2022-10-20 14:37:24,2022-10-20
2984,86,78,562,1666276649,0.0,22,14,23,,WTI-22OCT20-B87.5,between,87.99,87.0,,$87 to 87.99,finalized,2022-10-20 14:37:29,2022-10-20
2985,86,74,740,1666276650,178.0,26,14,24,,WTI-22OCT20-B87.5,between,87.99,87.0,,$87 to 87.99,finalized,2022-10-20 14:37:30,2022-10-20
2986,85,74,740,1666276651,0.0,26,15,24,,WTI-22OCT20-B87.5,between,87.99,87.0,,$87 to 87.99,finalized,2022-10-20 14:37:31,2022-10-20
2987,78,55,1636,1666276652,0.0,45,22,27,,WTI-22OCT20-B85.5,between,85.99,85.0,,$85 to 85.99,finalized,2022-10-20 14:37:32,2022-10-20
2988,100,55,1636,1666276652,0.0,45,0,27,,WTI-22OCT20-B85.5,between,85.99,85.0,,$85 to 85.99,finalized,2022-10-20 14:37:32,2022-10-20
2989,83,74,740,1666276652,0.0,26,17,24,,WTI-22OCT20-B87.5,between,87.99,87.0,,$87 to 87.99,finalized,2022-10-20 14:37:32,2022-10-20
2990,81,55,1636,1666276659,0.0,45,19,27,,WTI-22OCT20-B85.5,between,85.99,85.0,,$85 to 85.99,finalized,2022-10-20 14:37:39,2022-10-20
2991,81,68,1636,1666276659,0.0,32,19,27,,WTI-22OCT20-B85.5,between,85.99,85.0,,$85 to 85.99,finalized,2022-10-20 14:37:39,2022-10-20
2992,71,55,790,1666276659,28.0,45,29,38,,WTI-22OCT20-B86.5,between,86.99,86.0,,$86 to 86.99,finalized,2022-10-20 14:37:39,2022-10-20
2993,71,61,790,1666276663,0.0,39,29,38,,WTI-22OCT20-B86.5,between,86.99,86.0,,$86 to 86.99,finalized,2022-10-20 14:37:43,2022-10-20
2994,81,65,1636,1666276687,0.0,35,19,27,,WTI-22OCT20-B85.5,between,85.99,85.0,,$85 to 85.99,finalized,2022-10-20 14:38:07,2022-10-20
2995,81,68,1636,1666276687,0.0,32,19,27,,WTI-22OCT20-B85.5,between,85.99,85.0,,$85 to 85.99,finalized,2022-10-20 14:38:07,2022-10-20
2996,71,55,790,1666276691,0.0,45,29,38,,WTI-22OCT20-B86.5,between,86.99,86.0,,$86 to 86.99,finalized,2022-10-20 14:38:11,2022-10-20
2997,71,61,790,1666276691,0.0,39,29,38,,WTI-22OCT20-B86.5,between,86.99,86.0,,$86 to 86.99,finalized,2022-10-20 14:38:11,2022-10-20
2998,81,65,1636,1666276715,0.0,35,19,27,,WTI-22OCT20-B85.5,between,85.99,85.0,,$85 to 85.99,finalized,2022-10-20 14:38:35,2022-10-20
2999,81,68,1636,1666276716,0.0,32,19,27,,WTI-22OCT20-B85.5,between,85.99,85.0,,$85 to 85.99,finalized,2022-10-20 14:38:36,2022-10-20
3000,71,55,790,1666276719,0.0,45,29,38,,WTI-22OCT20-B86.5,between,86.99,86.0,,$86 to 86.99,finalized,2022-10-20 14:38:39,2022-10-20
3001,71,61,790,1666276719,0.0,39,29,38,,WTI-22OCT20-B86.5,between,86.99,86.0,,$86 to 86.99,finalized,2022-10-20 14:38:39,2022-10-20
3002,94,88,601,1666276721,0.0,12,6,8,,WTI-22OCT20-B84.5,between,84.99,84.0,,$84 to 84.99,finalized,2022-10-20 14:38:41,2022-10-20
3003,94,55,601,1666276721,0.0,45,6,8,,WTI-22OCT20-B84.5,between,84.99,84.0,,$84 to 84.99,finalized,2022-10-20 14:38:41,2022-10-20
3004,100,55,601,1666276721,0.0,45,0,8,,WTI-22OCT20-B84.5,between,84.99,84.0,,$84 to 84.99,finalized,2022-10-20 14:38:41,2022-10-20
3005,100,96,410,1666276721,0.0,4,0,6,,WTI-22OCT20-B89.5,between,89.99,89.0,,$89 to 89.99,finalized,2022-10-20 14:38:41,2022-10-20
3006,100,98,106,1666276723,0.0,2,0,4,,WTI-22OCT20-B82.5,between,82.99,82.0,,$82 to 82.99,finalized,2022-10-20 14:38:43,2022-10-20
3007,74,68,1636,1666276723,0.0,32,26,27,,WTI-22OCT20-B85.5,between,85.99,85.0,,$85 to 85.99,finalized,2022-10-20 14:38:43,2022-10-20
3008,74,61,790,1666276723,0.0,39,26,38,,WTI-22OCT20-B86.5,between,86.99,86.0,,$86 to 86.99,finalized,2022-10-20 14:38:43,2022-10-20
3009,83,55,740,1666276723,0.0,45,17,24,,WTI-22OCT20-B87.5,between,87.99,87.0,,$87 to 87.99,finalized,2022-10-20 14:38:43,2022-10-20
3010,85,55,740,1666276723,0.0,45,15,24,,WTI-22OCT20-B87.5,between,87.99,87.0,,$87 to 87.99,finalized,2022-10-20 14:38:43,2022-10-20
3011,85,72,740,1666276723,0.0,28,15,24,,WTI-22OCT20-B87.5,between,87.99,87.0,,$87 to 87.99,finalized,2022-10-20 14:38:43,2022-10-20
3012,95,90,479,1666276723,0.0,10,5,13,,WTI-22OCT20-B88.5,between,88.99,88.0,,$88 to 88.99,finalized,2022-10-20 14:38:43,2022-10-20
3013,95,89,479,1666276723,0.0,11,5,13,,WTI-22OCT20-B88.5,between,88.99,88.0,,$88 to 88.99,finalized,2022-10-20 14:38:43,2022-10-20
3014,96,89,479,1666276723,0.0,11,4,13,,WTI-22OCT20-B88.5,between,88.99,88.0,,$88 to 88.99,finalized,2022-10-20 14:38:43,2022-10-20
3015,100,97,410,1666276723,0.0,3,0,6,,WTI-22OCT20-B89.5,between,89.99,89.0,,$89 to 89.99,finalized,2022-10-20 14:38:43,2022-10-20
3016,100,98,121,1666276723,0.0,2,0,5,,WTI-22OCT20-T82,less,81.99,,,$81.99 or lower,finalized,2022-10-20 14:38:43,2022-10-20
3017,96,55,479,1666276724,0.0,45,4,13,,WTI-22OCT20-B88.5,between,88.99,88.0,,$88 to 88.99,finalized,2022-10-20 14:38:44,2022-10-20
3018,78,72,740,1666276725,0.0,28,22,24,,WTI-22OCT20-B87.5,between,87.99,87.0,,$87 to 87.99,finalized,2022-10-20 14:38:45,2022-10-20
3019,74,72,740,1666276725,0.0,28,26,24,,WTI-22OCT20-B87.5,between,87.99,87.0,,$87 to 87.99,finalized,2022-10-20 14:38:45,2022-10-20
3020,96,92,479,1666276725,0.0,8,4,13,,WTI-22OCT20-B88.5,between,88.99,88.0,,$88 to 88.99,finalized,2022-10-20 14:38:45,2022-10-20
3021,96,94,479,1666276725,0.0,6,4,13,,WTI-22OCT20-B88.5,between,88.99,88.0,,$88 to 88.99,finalized,2022-10-20 14:38:45,2022-10-20
3022,100,97,480,1666276725,0.0,3,0,5,,WTI-22OCT20-T89.99,greater,,90.0,,$90 or higher,finalized,2022-10-20 14:38:45,2022-10-20
3023,96,55,601,1666276741,0.0,45,4,8,,WTI-22OCT20-B84.5,between,84.99,84.0,,$84 to 84.99,finalized,2022-10-20 14:39:01,2022-10-20
3024,74,69,1636,1666276744,0.0,31,26,27,,WTI-22OCT20-B85.5,between,85.99,85.0,,$85 to 85.99,finalized,2022-10-20 14:39:04,2022-10-20
3025,73,55,790,1666276747,0.0,45,27,38,,WTI-22OCT20-B86.5,between,86.99,86.0,,$86 to 86.99,finalized,2022-10-20 14:39:07,2022-10-20
3026,73,60,790,1666276747,0.0,40,27,38,,WTI-22OCT20-B86.5,between,86.99,86.0,,$86 to 86.99,finalized,2022-10-20 14:39:07,2022-10-20
3027,74,69,740,1666276751,0.0,31,26,24,,WTI-22OCT20-B87.5,between,87.99,87.0,,$87 to 87.99,finalized,2022-10-20 14:39:11,2022-10-20
3028,74,72,740,1666276751,0.0,28,26,24,,WTI-22OCT20-B87.5,between,87.99,87.0,,$87 to 87.99,finalized,2022-10-20 14:39:11,2022-10-20
3029,76,68,1622,1666276767,14.0,32,24,26,,WTI-22OCT20-B85.5,between,85.99,85.0,,$85 to 85.99,finalized,2022-10-20 14:39:27,2022-10-20
3030,73,55,790,1666276775,0.0,45,27,38,,WTI-22OCT20-B86.5,between,86.99,86.0,,$86 to 86.99,finalized,2022-10-20 14:39:35,2022-10-20
3031,73,60,790,1666276775,0.0,40,27,38,,WTI-22OCT20-B86.5,between,86.99,86.0,,$86 to 86.99,finalized,2022-10-20 14:39:35,2022-10-20
3032,74,69,740,1666276779,0.0,31,26,24,,WTI-22OCT20-B87.5,between,87.99,87.0,,$87 to 87.99,finalized,2022-10-20 14:39:39,2022-10-20
3033,74,72,740,1666276779,0.0,28,26,24,,WTI-22OCT20-B87.5,between,87.99,87.0,,$87 to 87.99,finalized,2022-10-20 14:39:39,2022-10-20
3034,76,69,1622,1666276789,0.0,31,24,26,,WTI-22OCT20-B85.5,between,85.99,85.0,,$85 to 85.99,finalized,2022-10-20 14:39:49,2022-10-20
3035,73,55,790,1666276803,0.0,45,27,38,,WTI-22OCT20-B86.5,between,86.99,86.0,,$86 to 86.99,finalized,2022-10-20 14:40:03,2022-10-20
3036,73,60,790,1666276803,0.0,40,27,38,,WTI-22OCT20-B86.5,between,86.99,86.0,,$86 to 86.99,finalized,2022-10-20 14:40:03,2022-10-20
3037,74,69,740,1666276807,0.0,31,26,24,,WTI-22OCT20-B87.5,between,87.99,87.0,,$87 to 87.99,finalized,2022-10-20 14:40:07,2022-10-20
3038,74,73,740,1666276807,0.0,27,26,24,,WTI-22OCT20-B87.5,between,87.99,87.0,,$87 to 87.99,finalized,2022-10-20 14:40:07,2022-10-20
3039,95,55,601,1666276824,0.0,45,5,8,,WTI-22OCT20-B84.5,between,84.99,84.0,,$84 to 84.99,finalized,2022-10-20 14:40:24,2022-10-20
3040,74,55,790,1666276831,0.0,45,26,38,,WTI-22OCT20-B86.5,between,86.99,86.0,,$86 to 86.99,finalized,2022-10-20 14:40:31,2022-10-20
3041,74,61,790,1666276831,0.0,39,26,38,,WTI-22OCT20-B86.5,between,86.99,86.0,,$86 to 86.99,finalized,2022-10-20 14:40:31,2022-10-20
3042,76,69,740,1666276834,13.0,31,24,26,,WTI-22OCT20-B87.5,between,87.99,87.0,,$87 to 87.99,finalized,2022-10-20 14:40:34,2022-10-20
3043,76,74,740,1666276835,0.0,26,24,26,,WTI-22OCT20-B87.5,between,87.99,87.0,,$87 to 87.99,finalized,2022-10-20 14:40:35,2022-10-20
3044,74,55,790,1666276859,0.0,45,26,38,,WTI-22OCT20-B86.5,between,86.99,86.0,,$86 to 86.99,finalized,2022-10-20 14:40:59,2022-10-20
3045,74,61,790,1666276859,0.0,39,26,38,,WTI-22OCT20-B86.5,between,86.99,86.0,,$86 to 86.99,finalized,2022-10-20 14:40:59,2022-10-20
3046,76,69,740,1666276862,0.0,31,24,26,,WTI-22OCT20-B87.5,between,87.99,87.0,,$87 to 87.99,finalized,2022-10-20 14:41:02,2022-10-20
3047,76,74,740,1666276862,0.0,26,24,26,,WTI-22OCT20-B87.5,between,87.99,87.0,,$87 to 87.99,finalized,2022-10-20 14:41:02,2022-10-20
3048,74,55,790,1666276886,0.0,45,26,38,,WTI-22OCT20-B86.5,between,86.99,86.0,,$86 to 86.99,finalized,2022-10-20 14:41:26,2022-10-20
3049,74,61,790,1666276886,0.0,39,26,38,,WTI-22OCT20-B86.5,between,86.99,86.0,,$86 to 86.99,finalized,2022-10-20 14:41:26,2022-10-20
3050,76,69,740,1666276890,0.0,31,24,26,,WTI-22OCT20-B87.5,between,87.99,87.0,,$87 to 87.99,finalized,2022-10-20 14:41:30,2022-10-20
3051,76,74,740,1666276890,0.0,26,24,26,,WTI-22OCT20-B87.5,between,87.99,87.0,,$87 to 87.99,finalized,2022-10-20 14:41:30,2022-10-20
3052,100,97,106,1666276902,0.0,3,0,4,,WTI-22OCT20-B82.5,between,82.99,82.0,,$82 to 82.99,finalized,2022-10-20 14:41:42,2022-10-20
3053,100,55,121,1666276902,0.0,45,0,5,,WTI-22OCT20-T82,less,81.99,,,$81.99 or lower,finalized,2022-10-20 14:41:42,2022-10-20
3054,100,96,106,1666276904,0.0,4,0,4,,WTI-22OCT20-B82.5,between,82.99,82.0,,$82 to 82.99,finalized,2022-10-20 14:41:44,2022-10-20
3055,76,71,1622,1666276904,0.0,29,24,26,,WTI-22OCT20-B85.5,between,85.99,85.0,,$85 to 85.99,finalized,2022-10-20 14:41:44,2022-10-20
3056,89,65,790,1666276904,0.0,35,11,38,,WTI-22OCT20-B86.5,between,86.99,86.0,,$86 to 86.99,finalized,2022-10-20 14:41:44,2022-10-20
3057,72,65,790,1666276904,0.0,35,28,38,,WTI-22OCT20-B86.5,between,86.99,86.0,,$86 to 86.99,finalized,2022-10-20 14:41:44,2022-10-20
3058,70,65,790,1666276904,0.0,35,30,38,,WTI-22OCT20-B86.5,between,86.99,86.0,,$86 to 86.99,finalized,2022-10-20 14:41:44,2022-10-20
3059,96,74,740,1666276904,0.0,26,4,26,,WTI-22OCT20-B87.5,between,87.99,87.0,,$87 to 87.99,finalized,2022-10-20 14:41:44,2022-10-20
3060,96,92,479,1666276904,0.0,8,4,13,,WTI-22OCT20-B88.5,between,88.99,88.0,,$88 to 88.99,finalized,2022-10-20 14:41:44,2022-10-20
3061,100,96,410,1666276904,0.0,4,0,6,,WTI-22OCT20-B89.5,between,89.99,89.0,,$89 to 89.99,finalized,2022-10-20 14:41:44,2022-10-20
3062,100,96,480,1666276904,0.0,4,0,5,,WTI-22OCT20-T89.99,greater,,90.0,,$90 or higher,finalized,2022-10-20 14:41:44,2022-10-20
3063,100,55,106,1666276906,0.0,45,0,4,,WTI-22OCT20-B82.5,between,82.99,82.0,,$82 to 82.99,finalized,2022-10-20 14:41:46,2022-10-20
3064,100,89,601,1666276908,0.0,11,0,8,,WTI-22OCT20-B84.5,between,84.99,84.0,,$84 to 84.99,finalized,2022-10-20 14:41:48,2022-10-20
3065,100,90,601,1666276908,0.0,10,0,8,,WTI-22OCT20-B84.5,between,84.99,84.0,,$84 to 84.99,finalized,2022-10-20 14:41:48,2022-10-20
3066,94,90,601,1666276908,0.0,10,6,8,,WTI-22OCT20-B84.5,between,84.99,84.0,,$84 to 84.99,finalized,2022-10-20 14:41:48,2022-10-20
3067,96,75,740,1666276908,0.0,25,4,26,,WTI-22OCT20-B87.5,between,87.99,87.0,,$87 to 87.99,finalized,2022-10-20 14:41:48,2022-10-20
3068,86,75,740,1666276908,0.0,25,14,26,,WTI-22OCT20-B87.5,between,87.99,87.0,,$87 to 87.99,finalized,2022-10-20 14:41:48,2022-10-20
3069,84,75,740,1666276908,0.0,25,16,26,,WTI-22OCT20-B87.5,between,87.99,87.0,,$87 to 87.99,finalized,2022-10-20 14:41:48,2022-10-20
3070,84,79,740,1666276908,0.0,21,16,26,,WTI-22OCT20-B87.5,between,87.99,87.0,,$87 to 87.99,finalized,2022-10-20 14:41:48,2022-10-20
3071,100,55,480,1666276908,0.0,45,0,5,,WTI-22OCT20-T89.99,greater,,90.0,,$90 or higher,finalized,2022-10-20 14:41:48,2022-10-20
3072,93,90,601,1666276909,0.0,10,7,8,,WTI-22OCT20-B84.5,between,84.99,84.0,,$84 to 84.99,finalized,2022-10-20 14:41:49,2022-10-20
3073,93,89,678,1666276936,77.0,11,7,10,,WTI-22OCT20-B84.5,between,84.99,84.0,,$84 to 84.99,finalized,2022-10-20 14:42:16,2022-10-20
3074,94,89,678,1666276970,0.0,11,6,10,,WTI-22OCT20-B84.5,between,84.99,84.0,,$84 to 84.99,finalized,2022-10-20 14:42:50,2022-10-20
3075,76,72,1622,1666276970,0.0,28,24,26,,WTI-22OCT20-B85.5,between,85.99,85.0,,$85 to 85.99,finalized,2022-10-20 14:42:50,2022-10-20
3076,86,79,740,1666276970,0.0,21,14,26,,WTI-22OCT20-B87.5,between,87.99,87.0,,$87 to 87.99,finalized,2022-10-20 14:42:50,2022-10-20
3077,86,75,740,1666276970,0.0,25,14,26,,WTI-22OCT20-B87.5,between,87.99,87.0,,$87 to 87.99,finalized,2022-10-20 14:42:50,2022-10-20
3078,99,95,453,1666276971,0.0,5,1,9,,WTI-22OCT20-B83.5,between,83.99,83.0,,$83 to 83.99,finalized,2022-10-20 14:42:51,2022-10-20
3079,77,72,1622,1666276971,0.0,28,23,26,,WTI-22OCT20-B85.5,between,85.99,85.0,,$85 to 85.99,finalized,2022-10-20 14:42:51,2022-10-20
3080,86,55,740,1666276971,0.0,45,14,26,,WTI-22OCT20-B87.5,between,87.99,87.0,,$87 to 87.99,finalized,2022-10-20 14:42:51,2022-10-20
3081,100,55,410,1666276971,0.0,45,0,6,,WTI-22OCT20-B89.5,between,89.99,89.0,,$89 to 89.99,finalized,2022-10-20 14:42:51,2022-10-20
3082,99,96,453,1666276972,0.0,4,1,9,,WTI-22OCT20-B83.5,between,83.99,83.0,,$83 to 83.99,finalized,2022-10-20 14:42:52,2022-10-20
3083,86,74,740,1666276972,0.0,26,14,26,,WTI-22OCT20-B87.5,between,87.99,87.0,,$87 to 87.99,finalized,2022-10-20 14:42:52,2022-10-20
3084,86,78,740,1666276972,0.0,22,14,26,,WTI-22OCT20-B87.5,between,87.99,87.0,,$87 to 87.99,finalized,2022-10-20 14:42:52,2022-10-20
3085,85,78,740,1666276972,0.0,22,15,26,,WTI-22OCT20-B87.5,between,87.99,87.0,,$87 to 87.99,finalized,2022-10-20 14:42:52,2022-10-20
3086,83,78,740,1666276972,0.0,22,17,26,,WTI-22OCT20-B87.5,between,87.99,87.0,,$87 to 87.99,finalized,2022-10-20 14:42:52,2022-10-20
3087,94,90,678,1666276974,0.0,10,6,10,,WTI-22OCT20-B84.5,between,84.99,84.0,,$84 to 84.99,finalized,2022-10-20 14:42:54,2022-10-20
3088,77,70,1701,1666277082,79.0,30,23,28,,WTI-22OCT20-B85.5,between,85.99,85.0,,$85 to 85.99,finalized,2022-10-20 14:44:42,2022-10-20
3089,77,68,1701,1666277179,0.0,32,23,28,,WTI-22OCT20-B85.5,between,85.99,85.0,,$85 to 85.99,finalized,2022-10-20 14:46:19,2022-10-20
3090,77,55,1701,1666277179,0.0,45,23,28,,WTI-22OCT20-B85.5,between,85.99,85.0,,$85 to 85.99,finalized,2022-10-20 14:46:19,2022-10-20
3091,79,55,1701,1666277180,0.0,45,21,28,,WTI-22OCT20-B85.5,between,85.99,85.0,,$85 to 85.99,finalized,2022-10-20 14:46:20,2022-10-20
3092,100,55,1701,1666277180,0.0,45,0,28,,WTI-22OCT20-B85.5,between,85.99,85.0,,$85 to 85.99,finalized,2022-10-20 14:46:20,2022-10-20
3093,70,63,790,1666277180,0.0,37,30,38,,WTI-22OCT20-B86.5,between,86.99,86.0,,$86 to 86.99,finalized,2022-10-20 14:46:20,2022-10-20
3094,70,55,790,1666277180,0.0,45,30,38,,WTI-22OCT20-B86.5,between,86.99,86.0,,$86 to 86.99,finalized,2022-10-20 14:46:20,2022-10-20
3095,76,55,1701,1666277181,0.0,45,24,28,,WTI-22OCT20-B85.5,between,85.99,85.0,,$85 to 85.99,finalized,2022-10-20 14:46:21,2022-10-20
3096,76,69,1701,1666277181,0.0,31,24,28,,WTI-22OCT20-B85.5,between,85.99,85.0,,$85 to 85.99,finalized,2022-10-20 14:46:21,2022-10-20
3097,76,71,1701,1666277181,0.0,29,24,28,,WTI-22OCT20-B85.5,between,85.99,85.0,,$85 to 85.99,finalized,2022-10-20 14:46:21,2022-10-20
3098,70,62,790,1666277181,0.0,38,30,38,,WTI-22OCT20-B86.5,between,86.99,86.0,,$86 to 86.99,finalized,2022-10-20 14:46:21,2022-10-20
3099,83,79,740,1666277181,0.0,21,17,26,,WTI-22OCT20-B87.5,between,87.99,87.0,,$87 to 87.99,finalized,2022-10-20 14:46:21,2022-10-20
3100,86,79,740,1666277181,0.0,21,14,26,,WTI-22OCT20-B87.5,between,87.99,87.0,,$87 to 87.99,finalized,2022-10-20 14:46:21,2022-10-20
3101,93,90,678,1666277182,0.0,10,7,10,,WTI-22OCT20-B84.5,between,84.99,84.0,,$84 to 84.99,finalized,2022-10-20 14:46:22,2022-10-20
3102,70,64,790,1666277182,0.0,36,30,38,,WTI-22OCT20-B86.5,between,86.99,86.0,,$86 to 86.99,finalized,2022-10-20 14:46:22,2022-10-20
3103,84,79,740,1666277182,0.0,21,16,26,,WTI-22OCT20-B87.5,between,87.99,87.0,,$87 to 87.99,finalized,2022-10-20 14:46:22,2022-10-20
3104,70,64,795,1666277184,5.0,36,30,36,,WTI-22OCT20-B86.5,between,86.99,86.0,,$86 to 86.99,finalized,2022-10-20 14:46:24,2022-10-20
3105,93,90,678,1666277219,43.0,10,7,10,,WTI-22OCT20-B84.5,between,84.99,84.0,,$84 to 84.99,finalized,2022-10-20 14:46:59,2022-10-20
3106,93,89,696,1666277221,18.0,11,7,10,,WTI-22OCT20-B84.5,between,84.99,84.0,,$84 to 84.99,finalized,2022-10-20 14:47:01,2022-10-20
3107,86,79,740,1666277223,91.0,21,14,16,,WTI-22OCT20-B87.5,between,87.99,87.0,,$87 to 87.99,finalized,2022-10-20 14:47:03,2022-10-20
3108,99,95,453,1666277246,0.0,5,1,9,,WTI-22OCT20-B83.5,between,83.99,83.0,,$83 to 83.99,finalized,2022-10-20 14:47:26,2022-10-20
3109,100,95,453,1666277246,0.0,5,0,9,,WTI-22OCT20-B83.5,between,83.99,83.0,,$83 to 83.99,finalized,2022-10-20 14:47:26,2022-10-20
3110,86,77,740,1666277246,0.0,23,14,16,,WTI-22OCT20-B87.5,between,87.99,87.0,,$87 to 87.99,finalized,2022-10-20 14:47:26,2022-10-20
3111,86,75,740,1666277246,0.0,25,14,16,,WTI-22OCT20-B87.5,between,87.99,87.0,,$87 to 87.99,finalized,2022-10-20 14:47:26,2022-10-20
3112,86,55,740,1666277246,0.0,45,14,16,,WTI-22OCT20-B87.5,between,87.99,87.0,,$87 to 87.99,finalized,2022-10-20 14:47:26,2022-10-20
3113,87,55,740,1666277247,0.0,45,13,16,,WTI-22OCT20-B87.5,between,87.99,87.0,,$87 to 87.99,finalized,2022-10-20 14:47:27,2022-10-20
3114,99,95,453,1666277248,0.0,5,1,9,,WTI-22OCT20-B83.5,between,83.99,83.0,,$83 to 83.99,finalized,2022-10-20 14:47:28,2022-10-20
3115,93,88,696,1666277248,0.0,12,7,10,,WTI-22OCT20-B84.5,between,84.99,84.0,,$84 to 84.99,finalized,2022-10-20 14:47:28,2022-10-20
3116,76,69,1701,1666277248,0.0,31,24,28,,WTI-22OCT20-B85.5,between,85.99,85.0,,$85 to 85.99,finalized,2022-10-20 14:47:28,2022-10-20
3117,74,69,1701,1666277248,0.0,31,26,28,,WTI-22OCT20-B85.5,between,85.99,85.0,,$85 to 85.99,finalized,2022-10-20 14:47:28,2022-10-20
3118,72,69,1701,1666277248,0.0,31,28,28,,WTI-22OCT20-B85.5,between,85.99,85.0,,$85 to 85.99,finalized,2022-10-20 14:47:28,2022-10-20
3119,72,67,1701,1666277248,0.0,33,28,28,,WTI-22OCT20-B85.5,between,85.99,85.0,,$85 to 85.99,finalized,2022-10-20 14:47:28,2022-10-20
3120,72,64,795,1666277248,0.0,36,28,36,,WTI-22OCT20-B86.5,between,86.99,86.0,,$86 to 86.99,finalized,2022-10-20 14:47:28,2022-10-20
3121,74,64,795,1666277248,0.0,36,26,36,,WTI-22OCT20-B86.5,between,86.99,86.0,,$86 to 86.99,finalized,2022-10-20 14:47:28,2022-10-20
3122,89,64,795,1666277248,0.0,36,11,36,,WTI-22OCT20-B86.5,between,86.99,86.0,,$86 to 86.99,finalized,2022-10-20 14:47:28,2022-10-20
3123,87,80,740,1666277248,0.0,20,13,16,,WTI-22OCT20-B87.5,between,87.99,87.0,,$87 to 87.99,finalized,2022-10-20 14:47:28,2022-10-20
3124,87,82,740,1666277248,0.0,18,13,16,,WTI-22OCT20-B87.5,between,87.99,87.0,,$87 to 87.99,finalized,2022-10-20 14:47:28,2022-10-20
3125,96,93,479,1666277248,0.0,7,4,13,,WTI-22OCT20-B88.5,between,88.99,88.0,,$88 to 88.99,finalized,2022-10-20 14:47:28,2022-10-20
3126,74,64,795,1666277249,0.0,36,26,36,,WTI-22OCT20-B86.5,between,86.99,86.0,,$86 to 86.99,finalized,2022-10-20 14:47:29,2022-10-20
3127,74,66,795,1666277249,0.0,34,26,36,,WTI-22OCT20-B86.5,between,86.99,86.0,,$86 to 86.99,finalized,2022-10-20 14:47:29,2022-10-20
3128,73,66,795,1666277249,0.0,34,27,36,,WTI-22OCT20-B86.5,between,86.99,86.0,,$86 to 86.99,finalized,2022-10-20 14:47:29,2022-10-20
3129,71,66,795,1666277249,0.0,34,29,36,,WTI-22OCT20-B86.5,between,86.99,86.0,,$86 to 86.99,finalized,2022-10-20 14:47:29,2022-10-20
3130,92,88,696,1666277250,0.0,12,8,10,,WTI-22OCT20-B84.5,between,84.99,84.0,,$84 to 84.99,finalized,2022-10-20 14:47:30,2022-10-20
3131,74,67,1653,1666277256,48.0,33,26,28,,WTI-22OCT20-B85.5,between,85.99,85.0,,$85 to 85.99,finalized,2022-10-20 14:47:36,2022-10-20
3132,86,82,740,1666277319,0.0,18,14,16,,WTI-22OCT20-B87.5,between,87.99,87.0,,$87 to 87.99,finalized,2022-10-20 14:48:39,2022-10-20
3133,74,69,1653,1666277320,0.0,31,26,28,,WTI-22OCT20-B85.5,between,85.99,85.0,,$85 to 85.99,finalized,2022-10-20 14:48:40,2022-10-20
3134,86,80,816,1666277322,76.0,20,14,18,,WTI-22OCT20-B87.5,between,87.99,87.0,,$87 to 87.99,finalized,2022-10-20 14:48:42,2022-10-20
3135,74,65,1653,1666277389,0.0,35,26,28,,WTI-22OCT20-B85.5,between,85.99,85.0,,$85 to 85.99,finalized,2022-10-20 14:49:49,2022-10-20
3136,71,55,795,1666277389,0.0,45,29,36,,WTI-22OCT20-B86.5,between,86.99,86.0,,$86 to 86.99,finalized,2022-10-20 14:49:49,2022-10-20
3137,73,55,795,1666277389,0.0,45,27,36,,WTI-22OCT20-B86.5,between,86.99,86.0,,$86 to 86.99,finalized,2022-10-20 14:49:49,2022-10-20
3138,86,81,816,1666277389,0.0,19,14,18,,WTI-22OCT20-B87.5,between,87.99,87.0,,$87 to 87.99,finalized,2022-10-20 14:49:49,2022-10-20
3139,78,65,1653,1666277390,0.0,35,22,28,,WTI-22OCT20-B85.5,between,85.99,85.0,,$85 to 85.99,finalized,2022-10-20 14:49:50,2022-10-20
3140,73,65,1653,1666277392,0.0,35,27,28,,WTI-22OCT20-B85.5,between,85.99,85.0,,$85 to 85.99,finalized,2022-10-20 14:49:52,2022-10-20
3141,73,61,795,1666277392,0.0,39,27,36,,WTI-22OCT20-B86.5,between,86.99,86.0,,$86 to 86.99,finalized,2022-10-20 14:49:52,2022-10-20
3142,74,61,795,1666277392,0.0,39,26,36,,WTI-22OCT20-B86.5,between,86.99,86.0,,$86 to 86.99,finalized,2022-10-20 14:49:52,2022-10-20
3143,74,63,795,1666277392,0.0,37,26,36,,WTI-22OCT20-B86.5,between,86.99,86.0,,$86 to 86.99,finalized,2022-10-20 14:49:52,2022-10-20
3144,73,68,1653,1666277393,0.0,32,27,28,,WTI-22OCT20-B85.5,between,85.99,85.0,,$85 to 85.99,finalized,2022-10-20 14:49:53,2022-10-20
3145,72,63,795,1666277393,0.0,37,28,36,,WTI-22OCT20-B86.5,between,86.99,86.0,,$86 to 86.99,finalized,2022-10-20 14:49:53,2022-10-20
3146,72,67,795,1666277393,0.0,33,28,36,,WTI-22OCT20-B86.5,between,86.99,86.0,,$86 to 86.99,finalized,2022-10-20 14:49:53,2022-10-20
3147,96,94,479,1666277393,0.0,6,4,13,,WTI-22OCT20-B88.5,between,88.99,88.0,,$88 to 88.99,finalized,2022-10-20 14:49:53,2022-10-20
3148,76,67,795,1666277490,0.0,33,24,36,,WTI-22OCT20-B86.5,between,86.99,86.0,,$86 to 86.99,finalized,2022-10-20 14:51:30,2022-10-20
3149,89,67,795,1666277490,0.0,33,11,36,,WTI-22OCT20-B86.5,between,86.99,86.0,,$86 to 86.99,finalized,2022-10-20 14:51:30,2022-10-20
3150,98,95,453,1666277492,0.0,5,2,9,,WTI-22OCT20-B83.5,between,83.99,83.0,,$83 to 83.99,finalized,2022-10-20 14:51:32,2022-10-20
3151,92,86,696,1666277492,0.0,14,8,10,,WTI-22OCT20-B84.5,between,84.99,84.0,,$84 to 84.99,finalized,2022-10-20 14:51:32,2022-10-20
3152,90,86,696,1666277492,0.0,14,10,10,,WTI-22OCT20-B84.5,between,84.99,84.0,,$84 to 84.99,finalized,2022-10-20 14:51:32,2022-10-20
3153,77,68,1653,1666277492,0.0,32,23,28,,WTI-22OCT20-B85.5,between,85.99,85.0,,$85 to 85.99,finalized,2022-10-20 14:51:32,2022-10-20
3154,100,68,1653,1666277492,0.0,32,0,28,,WTI-22OCT20-B85.5,between,85.99,85.0,,$85 to 85.99,finalized,2022-10-20 14:51:32,2022-10-20
3155,100,55,1653,1666277492,0.0,45,0,28,,WTI-22OCT20-B85.5,between,85.99,85.0,,$85 to 85.99,finalized,2022-10-20 14:51:32,2022-10-20
3156,73,67,795,1666277492,0.0,33,27,36,,WTI-22OCT20-B86.5,between,86.99,86.0,,$86 to 86.99,finalized,2022-10-20 14:51:32,2022-10-20
3157,93,81,816,1666277492,0.0,19,7,18,,WTI-22OCT20-B87.5,between,87.99,87.0,,$87 to 87.99,finalized,2022-10-20 14:51:32,2022-10-20
3158,90,81,816,1666277492,0.0,19,10,18,,WTI-22OCT20-B87.5,between,87.99,87.0,,$87 to 87.99,finalized,2022-10-20 14:51:32,2022-10-20
3159,89,81,816,1666277492,0.0,19,11,18,,WTI-22OCT20-B87.5,between,87.99,87.0,,$87 to 87.99,finalized,2022-10-20 14:51:32,2022-10-20
3160,89,85,816,1666277492,1659.0,15,11,18,,WTI-22OCT20-B87.5,between,87.99,87.0,,$87 to 87.99,finalized,2022-10-20 14:51:32,2022-10-20
3161,72,55,1653,1666277493,0.0,45,28,28,,WTI-22OCT20-B85.5,between,85.99,85.0,,$85 to 85.99,finalized,2022-10-20 14:51:33,2022-10-20
3162,72,63,1653,1666277493,0.0,37,28,28,,WTI-22OCT20-B85.5,between,85.99,85.0,,$85 to 85.99,finalized,2022-10-20 14:51:33,2022-10-20
3163,70,63,1653,1666277493,0.0,37,30,28,,WTI-22OCT20-B85.5,between,85.99,85.0,,$85 to 85.99,finalized,2022-10-20 14:51:33,2022-10-20
3164,70,65,1653,1666277494,0.0,35,30,28,,WTI-22OCT20-B85.5,between,85.99,85.0,,$85 to 85.99,finalized,2022-10-20 14:51:34,2022-10-20
3165,90,84,766,1666277509,70.0,16,10,14,,WTI-22OCT20-B84.5,between,84.99,84.0,,$84 to 84.99,finalized,2022-10-20 14:51:49,2022-10-20
3166,98,93,622,1666277514,169.0,7,2,6,,WTI-22OCT20-B83.5,between,83.99,83.0,,$83 to 83.99,finalized,2022-10-20 14:51:54,2022-10-20
3167,90,85,736,1666277521,80.0,15,10,11,,WTI-22OCT20-B87.5,between,87.99,87.0,,$87 to 87.99,finalized,2022-10-20 14:52:01,2022-10-20
3168,89,84,766,1666277526,0.0,16,11,14,,WTI-22OCT20-B84.5,between,84.99,84.0,,$84 to 84.99,finalized,2022-10-20 14:52:06,2022-10-20
3169,70,63,1698,1666277543,45.0,37,30,35,,WTI-22OCT20-B85.5,between,85.99,85.0,,$85 to 85.99,finalized,2022-10-20 14:52:23,2022-10-20
3170,99,93,622,1666277564,0.0,7,1,6,,WTI-22OCT20-B83.5,between,83.99,83.0,,$83 to 83.99,finalized,2022-10-20 14:52:44,2022-10-20
3171,96,85,736,1666277564,0.0,15,4,11,,WTI-22OCT20-B87.5,between,87.99,87.0,,$87 to 87.99,finalized,2022-10-20 14:52:44,2022-10-20
3172,96,83,736,1666277564,0.0,17,4,11,,WTI-22OCT20-B87.5,between,87.99,87.0,,$87 to 87.99,finalized,2022-10-20 14:52:44,2022-10-20
3173,99,94,622,1666277565,0.0,6,1,6,,WTI-22OCT20-B83.5,between,83.99,83.0,,$83 to 83.99,finalized,2022-10-20 14:52:45,2022-10-20
3174,89,88,766,1666277565,0.0,12,11,14,,WTI-22OCT20-B84.5,between,84.99,84.0,,$84 to 84.99,finalized,2022-10-20 14:52:45,2022-10-20
3175,70,65,1698,1666277565,0.0,35,30,35,,WTI-22OCT20-B85.5,between,85.99,85.0,,$85 to 85.99,finalized,2022-10-20 14:52:45,2022-10-20
3176,72,65,1698,1666277565,0.0,35,28,35,,WTI-22OCT20-B85.5,between,85.99,85.0,,$85 to 85.99,finalized,2022-10-20 14:52:45,2022-10-20
3177,71,67,795,1666277565,0.0,33,29,36,,WTI-22OCT20-B86.5,between,86.99,86.0,,$86 to 86.99,finalized,2022-10-20 14:52:45,2022-10-20
3178,71,65,795,1666277565,0.0,35,29,36,,WTI-22OCT20-B86.5,between,86.99,86.0,,$86 to 86.99,finalized,2022-10-20 14:52:45,2022-10-20
3179,71,66,795,1666277565,0.0,34,29,36,,WTI-22OCT20-B86.5,between,86.99,86.0,,$86 to 86.99,finalized,2022-10-20 14:52:45,2022-10-20
3180,87,83,736,1666277565,0.0,17,13,11,,WTI-22OCT20-B87.5,between,87.99,87.0,,$87 to 87.99,finalized,2022-10-20 14:52:45,2022-10-20
3181,99,95,622,1666277566,0.0,5,1,6,,WTI-22OCT20-B83.5,between,83.99,83.0,,$83 to 83.99,finalized,2022-10-20 14:52:46,2022-10-20
3182,72,67,1698,1666277567,0.0,33,28,35,,WTI-22OCT20-B85.5,between,85.99,85.0,,$85 to 85.99,finalized,2022-10-20 14:52:47,2022-10-20
3183,88,83,736,1666277574,90.0,17,12,13,,WTI-22OCT20-B87.5,between,87.99,87.0,,$87 to 87.99,finalized,2022-10-20 14:52:54,2022-10-20
3184,92,87,836,1666277575,70.0,13,8,12,,WTI-22OCT20-B84.5,between,84.99,84.0,,$84 to 84.99,finalized,2022-10-20 14:52:55,2022-10-20
3185,98,95,622,1666277583,0.0,5,2,6,,WTI-22OCT20-B83.5,between,83.99,83.0,,$83 to 83.99,finalized,2022-10-20 14:53:03,2022-10-20
3186,88,87,836,1666277583,0.0,13,12,12,,WTI-22OCT20-B84.5,between,84.99,84.0,,$84 to 84.99,finalized,2022-10-20 14:53:03,2022-10-20
3187,89,87,836,1666277612,0.0,13,11,12,,WTI-22OCT20-B84.5,between,84.99,84.0,,$84 to 84.99,finalized,2022-10-20 14:53:32,2022-10-20
3188,92,55,903,1666277631,67.0,45,8,13,,WTI-22OCT20-B84.5,between,84.99,84.0,,$84 to 84.99,finalized,2022-10-20 14:53:51,2022-10-20
3189,72,65,1773,1666277639,75.0,35,28,33,,WTI-22OCT20-B85.5,between,85.99,85.0,,$85 to 85.99,finalized,2022-10-20 14:53:59,2022-10-20
3190,89,55,903,1666277640,0.0,45,11,13,,WTI-22OCT20-B84.5,between,84.99,84.0,,$84 to 84.99,finalized,2022-10-20 14:54:00,2022-10-20
3191,89,78,903,1666277640,0.0,22,11,13,,WTI-22OCT20-B84.5,between,84.99,84.0,,$84 to 84.99,finalized,2022-10-20 14:54:00,2022-10-20
3192,89,55,903,1666277668,0.0,45,11,13,,WTI-22OCT20-B84.5,between,84.99,84.0,,$84 to 84.99,finalized,2022-10-20 14:54:28,2022-10-20
3193,89,78,903,1666277668,0.0,22,11,13,,WTI-22OCT20-B84.5,between,84.99,84.0,,$84 to 84.99,finalized,2022-10-20 14:54:28,2022-10-20
3194,74,72,1773,1666277778,52.0,28,26,28,,WTI-22OCT20-B85.5,between,85.99,85.0,,$85 to 85.99,finalized,2022-10-20 14:56:18,2022-10-20
3195,92,55,903,1666277788,0.0,45,8,13,,WTI-22OCT20-B84.5,between,84.99,84.0,,$84 to 84.99,finalized,2022-10-20 14:56:28,2022-10-20
3196,73,66,795,1666277788,0.0,34,27,36,,WTI-22OCT20-B86.5,between,86.99,86.0,,$86 to 86.99,finalized,2022-10-20 14:56:28,2022-10-20
3197,75,66,795,1666277788,0.0,34,25,36,,WTI-22OCT20-B86.5,between,86.99,86.0,,$86 to 86.99,finalized,2022-10-20 14:56:28,2022-10-20
3198,96,83,736,1666277788,0.0,17,4,13,,WTI-22OCT20-B87.5,between,87.99,87.0,,$87 to 87.99,finalized,2022-10-20 14:56:28,2022-10-20
3199,94,55,903,1666277789,0.0,45,6,13,,WTI-22OCT20-B84.5,between,84.99,84.0,,$84 to 84.99,finalized,2022-10-20 14:56:29,2022-10-20
3200,100,55,903,1666277789,0.0,45,0,13,,WTI-22OCT20-B84.5,between,84.99,84.0,,$84 to 84.99,finalized,2022-10-20 14:56:29,2022-10-20
3201,96,55,736,1666277789,0.0,45,4,13,,WTI-22OCT20-B87.5,between,87.99,87.0,,$87 to 87.99,finalized,2022-10-20 14:56:29,2022-10-20
3202,96,93,479,1666277789,721.0,7,4,13,,WTI-22OCT20-B88.5,between,88.99,88.0,,$88 to 88.99,finalized,2022-10-20 14:56:29,2022-10-20
3203,98,94,622,1666277790,0.0,6,2,6,,WTI-22OCT20-B83.5,between,83.99,83.0,,$83 to 83.99,finalized,2022-10-20 14:56:30,2022-10-20
3204,100,79,903,1666277790,0.0,21,0,13,,WTI-22OCT20-B84.5,between,84.99,84.0,,$84 to 84.99,finalized,2022-10-20 14:56:30,2022-10-20
3205,89,79,903,1666277790,0.0,21,11,13,,WTI-22OCT20-B84.5,between,84.99,84.0,,$84 to 84.99,finalized,2022-10-20 14:56:30,2022-10-20
3206,93,55,736,1666277790,0.0,45,7,13,,WTI-22OCT20-B87.5,between,87.99,87.0,,$87 to 87.99,finalized,2022-10-20 14:56:30,2022-10-20
3207,93,86,736,1666277790,0.0,14,7,13,,WTI-22OCT20-B87.5,between,87.99,87.0,,$87 to 87.99,finalized,2022-10-20 14:56:30,2022-10-20
3208,92,86,736,1666277790,0.0,14,8,13,,WTI-22OCT20-B87.5,between,87.99,87.0,,$87 to 87.99,finalized,2022-10-20 14:56:30,2022-10-20
3209,96,95,479,1666277790,0.0,5,4,13,,WTI-22OCT20-B88.5,between,88.99,88.0,,$88 to 88.99,finalized,2022-10-20 14:56:30,2022-10-20
3210,89,83,903,1666277791,0.0,17,11,13,,WTI-22OCT20-B84.5,between,84.99,84.0,,$84 to 84.99,finalized,2022-10-20 14:56:31,2022-10-20
3211,88,83,903,1666277791,0.0,17,12,13,,WTI-22OCT20-B84.5,between,84.99,84.0,,$84 to 84.99,finalized,2022-10-20 14:56:31,2022-10-20
3212,76,72,1773,1666277791,0.0,28,24,28,,WTI-22OCT20-B85.5,between,85.99,85.0,,$85 to 85.99,finalized,2022-10-20 14:56:31,2022-10-20
3213,100,72,1773,1666277791,0.0,28,0,28,,WTI-22OCT20-B85.5,between,85.99,85.0,,$85 to 85.99,finalized,2022-10-20 14:56:31,2022-10-20
3214,92,87,736,1666277791,0.0,13,8,13,,WTI-22OCT20-B87.5,between,87.99,87.0,,$87 to 87.99,finalized,2022-10-20 14:56:31,2022-10-20
3215,92,88,736,1666277791,0.0,12,8,13,,WTI-22OCT20-B87.5,between,87.99,87.0,,$87 to 87.99,finalized,2022-10-20 14:56:31,2022-10-20
3216,68,65,1773,1666277792,44.0,35,32,28,,WTI-22OCT20-B85.5,between,85.99,85.0,,$85 to 85.99,finalized,2022-10-20 14:56:32,2022-10-20
3217,75,68,795,1666277792,0.0,32,25,36,,WTI-22OCT20-B86.5,between,86.99,86.0,,$86 to 86.99,finalized,2022-10-20 14:56:32,2022-10-20
3218,75,70,795,1666277792,0.0,30,25,36,,WTI-22OCT20-B86.5,between,86.99,86.0,,$86 to 86.99,finalized,2022-10-20 14:56:32,2022-10-20
3219,66,65,1773,1666277793,0.0,35,34,28,,WTI-22OCT20-B85.5,between,85.99,85.0,,$85 to 85.99,finalized,2022-10-20 14:56:33,2022-10-20
3220,70,65,1721,1666277803,52.0,35,30,32,,WTI-22OCT20-B85.5,between,85.99,85.0,,$85 to 85.99,finalized,2022-10-20 14:56:43,2022-10-20
3221,100,65,1669,1666277816,52.0,35,0,30,,WTI-22OCT20-B85.5,between,85.99,85.0,,$85 to 85.99,finalized,2022-10-20 14:56:56,2022-10-20
3222,92,87,792,1666277825,56.0,13,8,12,,WTI-22OCT20-B87.5,between,87.99,87.0,,$87 to 87.99,finalized,2022-10-20 14:57:05,2022-10-20
3223,75,68,857,1666277843,62.0,32,25,30,,WTI-22OCT20-B86.5,between,86.99,86.0,,$86 to 86.99,finalized,2022-10-20 14:57:23,2022-10-20
3224,92,86,840,1666277843,48.0,14,8,13,,WTI-22OCT20-B87.5,between,87.99,87.0,,$87 to 87.99,finalized,2022-10-20 14:57:23,2022-10-20
3225,92,55,885,1666277851,45.0,45,8,14,,WTI-22OCT20-B87.5,between,87.99,87.0,,$87 to 87.99,finalized,2022-10-20 14:57:31,2022-10-20
3226,76,65,1669,1666277861,0.0,35,24,30,,WTI-22OCT20-B85.5,between,85.99,85.0,,$85 to 85.99,finalized,2022-10-20 14:57:41,2022-10-20
3227,74,65,1669,1666277861,0.0,35,26,30,,WTI-22OCT20-B85.5,between,85.99,85.0,,$85 to 85.99,finalized,2022-10-20 14:57:41,2022-10-20
3228,74,67,1669,1666277861,0.0,33,26,30,,WTI-22OCT20-B85.5,between,85.99,85.0,,$85 to 85.99,finalized,2022-10-20 14:57:41,2022-10-20
3229,72,67,1669,1666277862,0.0,33,28,30,,WTI-22OCT20-B85.5,between,85.99,85.0,,$85 to 85.99,finalized,2022-10-20 14:57:42,2022-10-20
3230,70,67,1669,1666277923,0.0,33,30,30,,WTI-22OCT20-B85.5,between,85.99,85.0,,$85 to 85.99,finalized,2022-10-20 14:58:43,2022-10-20
3231,75,55,857,1666277923,0.0,45,25,30,,WTI-22OCT20-B86.5,between,86.99,86.0,,$86 to 86.99,finalized,2022-10-20 14:58:43,2022-10-20
3232,94,55,885,1666277923,0.0,45,6,14,,WTI-22OCT20-B87.5,between,87.99,87.0,,$87 to 87.99,finalized,2022-10-20 14:58:43,2022-10-20
3233,96,94,479,1666277923,0.0,6,4,13,,WTI-22OCT20-B88.5,between,88.99,88.0,,$88 to 88.99,finalized,2022-10-20 14:58:43,2022-10-20
3234,98,95,622,1666277924,0.0,5,2,6,,WTI-22OCT20-B83.5,between,83.99,83.0,,$83 to 83.99,finalized,2022-10-20 14:58:44,2022-10-20
3235,89,83,903,1666277924,0.0,17,11,13,,WTI-22OCT20-B84.5,between,84.99,84.0,,$84 to 84.99,finalized,2022-10-20 14:58:44,2022-10-20
3236,90,83,903,1666277924,0.0,17,10,13,,WTI-22OCT20-B84.5,between,84.99,84.0,,$84 to 84.99,finalized,2022-10-20 14:58:44,2022-10-20
3237,70,65,1669,1666277924,0.0,35,30,30,,WTI-22OCT20-B85.5,between,85.99,85.0,,$85 to 85.99,finalized,2022-10-20 14:58:44,2022-10-20
3238,77,55,857,1666277924,0.0,45,23,30,,WTI-22OCT20-B86.5,between,86.99,86.0,,$86 to 86.99,finalized,2022-10-20 14:58:44,2022-10-20
3239,89,55,857,1666277924,0.0,45,11,30,,WTI-22OCT20-B86.5,between,86.99,86.0,,$86 to 86.99,finalized,2022-10-20 14:58:44,2022-10-20
3240,76,55,857,1666277925,0.0,45,24,30,,WTI-22OCT20-B86.5,between,86.99,86.0,,$86 to 86.99,finalized,2022-10-20 14:58:45,2022-10-20
3241,76,67,857,1666277925,1146.0,33,24,30,,WTI-22OCT20-B86.5,between,86.99,86.0,,$86 to 86.99,finalized,2022-10-20 14:58:45,2022-10-20
3242,72,67,857,1666277925,0.0,33,28,30,,WTI-22OCT20-B86.5,between,86.99,86.0,,$86 to 86.99,finalized,2022-10-20 14:58:45,2022-10-20
3243,96,55,885,1666277925,0.0,45,4,14,,WTI-22OCT20-B87.5,between,87.99,87.0,,$87 to 87.99,finalized,2022-10-20 14:58:45,2022-10-20
3244,96,83,885,1666277925,0.0,17,4,14,,WTI-22OCT20-B87.5,between,87.99,87.0,,$87 to 87.99,finalized,2022-10-20 14:58:45,2022-10-20
3245,96,85,885,1666277925,0.0,15,4,14,,WTI-22OCT20-B87.5,between,87.99,87.0,,$87 to 87.99,finalized,2022-10-20 14:58:45,2022-10-20
3246,89,85,885,1666277925,0.0,15,11,14,,WTI-22OCT20-B87.5,between,87.99,87.0,,$87 to 87.99,finalized,2022-10-20 14:58:45,2022-10-20
3247,90,85,903,1666277926,0.0,15,10,13,,WTI-22OCT20-B84.5,between,84.99,84.0,,$84 to 84.99,finalized,2022-10-20 14:58:46,2022-10-20
3248,74,67,857,1666278102,0.0,33,26,30,,WTI-22OCT20-B86.5,between,86.99,86.0,,$86 to 86.99,finalized,2022-10-20 15:01:42,2022-10-20
3249,98,94,622,1666278103,0.0,6,2,6,,WTI-22OCT20-B83.5,between,83.99,83.0,,$83 to 83.99,finalized,2022-10-20 15:01:43,2022-10-20
3250,91,85,885,1666278103,0.0,15,9,14,,WTI-22OCT20-B87.5,between,87.99,87.0,,$87 to 87.99,finalized,2022-10-20 15:01:43,2022-10-20
3251,91,86,885,1666278104,0.0,14,9,14,,WTI-22OCT20-B87.5,between,87.99,87.0,,$87 to 87.99,finalized,2022-10-20 15:01:44,2022-10-20
3252,90,83,903,1666278105,0.0,17,10,13,,WTI-22OCT20-B84.5,between,84.99,84.0,,$84 to 84.99,finalized,2022-10-20 15:01:45,2022-10-20
3253,88,83,903,1666278105,0.0,17,12,13,,WTI-22OCT20-B84.5,between,84.99,84.0,,$84 to 84.99,finalized,2022-10-20 15:01:45,2022-10-20
3254,68,65,1669,1666278105,0.0,35,32,30,,WTI-22OCT20-B85.5,between,85.99,85.0,,$85 to 85.99,finalized,2022-10-20 15:01:45,2022-10-20
3255,91,87,885,1666278105,0.0,13,9,14,,WTI-22OCT20-B87.5,between,87.99,87.0,,$87 to 87.99,finalized,2022-10-20 15:01:45,2022-10-20
3256,96,95,479,1666278106,0.0,5,4,13,,WTI-22OCT20-B88.5,between,88.99,88.0,,$88 to 88.99,finalized,2022-10-20 15:01:46,2022-10-20
3257,74,69,857,1666278108,0.0,31,26,30,,WTI-22OCT20-B86.5,between,86.99,86.0,,$86 to 86.99,finalized,2022-10-20 15:01:48,2022-10-20
3258,70,65,1606,1666278132,63.0,35,30,32,,WTI-22OCT20-B85.5,between,85.99,85.0,,$85 to 85.99,finalized,2022-10-20 15:02:12,2022-10-20
3259,70,68,1606,1666278138,0.0,32,30,32,,WTI-22OCT20-B85.5,between,85.99,85.0,,$85 to 85.99,finalized,2022-10-20 15:02:18,2022-10-20
3260,70,65,1606,1666278148,0.0,35,30,32,,WTI-22OCT20-B85.5,between,85.99,85.0,,$85 to 85.99,finalized,2022-10-20 15:02:28,2022-10-20
3261,70,66,1606,1666278156,0.0,34,30,32,,WTI-22OCT20-B85.5,between,85.99,85.0,,$85 to 85.99,finalized,2022-10-20 15:02:36,2022-10-20
3262,89,83,903,1666278384,0.0,17,11,13,,WTI-22OCT20-B84.5,between,84.99,84.0,,$84 to 84.99,finalized,2022-10-20 15:06:24,2022-10-20
3263,74,67,857,1666278384,0.0,33,26,30,,WTI-22OCT20-B86.5,between,86.99,86.0,,$86 to 86.99,finalized,2022-10-20 15:06:24,2022-10-20
3264,75,67,857,1666278384,0.0,33,25,30,,WTI-22OCT20-B86.5,between,86.99,86.0,,$86 to 86.99,finalized,2022-10-20 15:06:24,2022-10-20
3265,75,65,857,1666278384,0.0,35,25,30,,WTI-22OCT20-B86.5,between,86.99,86.0,,$86 to 86.99,finalized,2022-10-20 15:06:24,2022-10-20
3266,75,62,857,1666278384,0.0,38,25,30,,WTI-22OCT20-B86.5,between,86.99,86.0,,$86 to 86.99,finalized,2022-10-20 15:06:24,2022-10-20
3267,90,83,903,1666278385,0.0,17,10,13,,WTI-22OCT20-B84.5,between,84.99,84.0,,$84 to 84.99,finalized,2022-10-20 15:06:25,2022-10-20
3268,91,85,885,1666278385,0.0,15,9,14,,WTI-22OCT20-B87.5,between,87.99,87.0,,$87 to 87.99,finalized,2022-10-20 15:06:25,2022-10-20
3269,72,66,1606,1666278386,0.0,34,28,32,,WTI-22OCT20-B85.5,between,85.99,85.0,,$85 to 85.99,finalized,2022-10-20 15:06:26,2022-10-20
3270,100,66,1606,1666278386,0.0,34,0,32,,WTI-22OCT20-B85.5,between,85.99,85.0,,$85 to 85.99,finalized,2022-10-20 15:06:26,2022-10-20
3271,71,62,857,1666278386,0.0,38,29,30,,WTI-22OCT20-B86.5,between,86.99,86.0,,$86 to 86.99,finalized,2022-10-20 15:06:26,2022-10-20
3272,89,85,885,1666278386,0.0,15,11,14,,WTI-22OCT20-B87.5,between,87.99,87.0,,$87 to 87.99,finalized,2022-10-20 15:06:26,2022-10-20
3273,96,94,479,1666278386,0.0,6,4,13,,WTI-22OCT20-B88.5,between,88.99,88.0,,$88 to 88.99,finalized,2022-10-20 15:06:26,2022-10-20
3274,98,95,622,1666278388,0.0,5,2,6,,WTI-22OCT20-B83.5,between,83.99,83.0,,$83 to 83.99,finalized,2022-10-20 15:06:28,2022-10-20
3275,90,85,903,1666278388,0.0,15,10,13,,WTI-22OCT20-B84.5,between,84.99,84.0,,$84 to 84.99,finalized,2022-10-20 15:06:28,2022-10-20
3276,71,66,1606,1666278388,0.0,34,29,32,,WTI-22OCT20-B85.5,between,85.99,85.0,,$85 to 85.99,finalized,2022-10-20 15:06:28,2022-10-20
3277,71,66,857,1666278388,0.0,34,29,30,,WTI-22OCT20-B86.5,between,86.99,86.0,,$86 to 86.99,finalized,2022-10-20 15:06:28,2022-10-20
3278,90,86,903,1666278389,0.0,14,10,13,,WTI-22OCT20-B84.5,between,84.99,84.0,,$84 to 84.99,finalized,2022-10-20 15:06:29,2022-10-20
3279,91,86,903,1666278450,0.0,14,9,13,,WTI-22OCT20-B84.5,between,84.99,84.0,,$84 to 84.99,finalized,2022-10-20 15:07:30,2022-10-20
3280,91,85,903,1666278450,0.0,15,9,13,,WTI-22OCT20-B84.5,between,84.99,84.0,,$84 to 84.99,finalized,2022-10-20 15:07:30,2022-10-20
3281,73,66,857,1666278450,0.0,34,27,30,,WTI-22OCT20-B86.5,between,86.99,86.0,,$86 to 86.99,finalized,2022-10-20 15:07:30,2022-10-20
3282,73,62,857,1666278450,0.0,38,27,30,,WTI-22OCT20-B86.5,between,86.99,86.0,,$86 to 86.99,finalized,2022-10-20 15:07:30,2022-10-20
3283,73,55,857,1666278450,0.0,45,27,30,,WTI-22OCT20-B86.5,between,86.99,86.0,,$86 to 86.99,finalized,2022-10-20 15:07:30,2022-10-20
3284,89,83,885,1666278450,0.0,17,11,14,,WTI-22OCT20-B87.5,between,87.99,87.0,,$87 to 87.99,finalized,2022-10-20 15:07:30,2022-10-20
3285,90,83,885,1666278450,0.0,17,10,14,,WTI-22OCT20-B87.5,between,87.99,87.0,,$87 to 87.99,finalized,2022-10-20 15:07:30,2022-10-20
3286,90,55,885,1666278450,0.0,45,10,14,,WTI-22OCT20-B87.5,between,87.99,87.0,,$87 to 87.99,finalized,2022-10-20 15:07:30,2022-10-20
3287,90,85,903,1666278452,0.0,15,10,13,,WTI-22OCT20-B84.5,between,84.99,84.0,,$84 to 84.99,finalized,2022-10-20 15:07:32,2022-10-20
3288,89,85,903,1666278452,0.0,15,11,13,,WTI-22OCT20-B84.5,between,84.99,84.0,,$84 to 84.99,finalized,2022-10-20 15:07:32,2022-10-20
3289,69,66,1606,1666278452,0.0,34,31,32,,WTI-22OCT20-B85.5,between,85.99,85.0,,$85 to 85.99,finalized,2022-10-20 15:07:32,2022-10-20
3290,73,67,857,1666278452,0.0,33,27,30,,WTI-22OCT20-B86.5,between,86.99,86.0,,$86 to 86.99,finalized,2022-10-20 15:07:32,2022-10-20
3291,90,82,885,1666278452,0.0,18,10,14,,WTI-22OCT20-B87.5,between,87.99,87.0,,$87 to 87.99,finalized,2022-10-20 15:07:32,2022-10-20
3292,90,84,885,1666278452,0.0,16,10,14,,WTI-22OCT20-B87.5,between,87.99,87.0,,$87 to 87.99,finalized,2022-10-20 15:07:32,2022-10-20
3293,90,86,885,1666278452,0.0,14,10,14,,WTI-22OCT20-B87.5,between,87.99,87.0,,$87 to 87.99,finalized,2022-10-20 15:07:32,2022-10-20
3294,96,95,479,1666278452,0.0,5,4,13,,WTI-22OCT20-B88.5,between,88.99,88.0,,$88 to 88.99,finalized,2022-10-20 15:07:32,2022-10-20
3295,71,66,1524,1666278496,82.0,34,29,31,,WTI-22OCT20-B85.5,between,85.99,85.0,,$85 to 85.99,finalized,2022-10-20 15:08:16,2022-10-20
3296,70,66,1524,1666278521,0.0,34,30,31,,WTI-22OCT20-B85.5,between,85.99,85.0,,$85 to 85.99,finalized,2022-10-20 15:08:41,2022-10-20
3297,77,67,857,1666278522,0.0,33,23,30,,WTI-22OCT20-B86.5,between,86.99,86.0,,$86 to 86.99,finalized,2022-10-20 15:08:42,2022-10-20
3298,89,67,857,1666278522,0.0,33,11,30,,WTI-22OCT20-B86.5,between,86.99,86.0,,$86 to 86.99,finalized,2022-10-20 15:08:42,2022-10-20
3299,74,67,857,1666278523,0.0,33,26,30,,WTI-22OCT20-B86.5,between,86.99,86.0,,$86 to 86.99,finalized,2022-10-20 15:08:43,2022-10-20
3300,72,67,857,1666278523,0.0,33,28,30,,WTI-22OCT20-B86.5,between,86.99,86.0,,$86 to 86.99,finalized,2022-10-20 15:08:43,2022-10-20
3301,91,86,885,1666278678,0.0,14,9,14,,WTI-22OCT20-B87.5,between,87.99,87.0,,$87 to 87.99,finalized,2022-10-20 15:11:18,2022-10-20
3302,98,94,622,1666278679,0.0,6,2,6,,WTI-22OCT20-B83.5,between,83.99,83.0,,$83 to 83.99,finalized,2022-10-20 15:11:19,2022-10-20
3303,98,95,622,1666278680,0.0,5,2,6,,WTI-22OCT20-B83.5,between,83.99,83.0,,$83 to 83.99,finalized,2022-10-20 15:11:20,2022-10-20
3304,89,83,903,1666278680,0.0,17,11,13,,WTI-22OCT20-B84.5,between,84.99,84.0,,$84 to 84.99,finalized,2022-10-20 15:11:20,2022-10-20
3305,89,85,903,1666278680,0.0,15,11,13,,WTI-22OCT20-B84.5,between,84.99,84.0,,$84 to 84.99,finalized,2022-10-20 15:11:20,2022-10-20
3306,90,86,885,1666278680,0.0,14,10,14,,WTI-22OCT20-B87.5,between,87.99,87.0,,$87 to 87.99,finalized,2022-10-20 15:11:20,2022-10-20
3307,90,85,903,1666278756,0.0,15,10,13,,WTI-22OCT20-B84.5,between,84.99,84.0,,$84 to 84.99,finalized,2022-10-20 15:12:36,2022-10-20
3308,90,85,885,1666278756,0.0,15,10,14,,WTI-22OCT20-B87.5,between,87.99,87.0,,$87 to 87.99,finalized,2022-10-20 15:12:36,2022-10-20
3309,71,66,1524,1666278760,0.0,34,29,31,,WTI-22OCT20-B85.5,between,85.99,85.0,,$85 to 85.99,finalized,2022-10-20 15:12:40,2022-10-20
3310,73,67,857,1666278760,0.0,33,27,30,,WTI-22OCT20-B86.5,between,86.99,86.0,,$86 to 86.99,finalized,2022-10-20 15:12:40,2022-10-20
3311,73,65,857,1666278760,0.0,35,27,30,,WTI-22OCT20-B86.5,between,86.99,86.0,,$86 to 86.99,finalized,2022-10-20 15:12:40,2022-10-20
3312,71,65,857,1666278760,0.0,35,29,30,,WTI-22OCT20-B86.5,between,86.99,86.0,,$86 to 86.99,finalized,2022-10-20 15:12:40,2022-10-20
3313,89,85,885,1666278760,0.0,15,11,14,,WTI-22OCT20-B87.5,between,87.99,87.0,,$87 to 87.99,finalized,2022-10-20 15:12:40,2022-10-20
3314,96,93,479,1666278760,0.0,7,4,13,,WTI-22OCT20-B88.5,between,88.99,88.0,,$88 to 88.99,finalized,2022-10-20 15:12:40,2022-10-20
3315,90,86,903,1666278761,0.0,14,10,13,,WTI-22OCT20-B84.5,between,84.99,84.0,,$84 to 84.99,finalized,2022-10-20 15:12:41,2022-10-20
3316,96,94,479,1666278762,0.0,6,4,13,,WTI-22OCT20-B88.5,between,88.99,88.0,,$88 to 88.99,finalized,2022-10-20 15:12:42,2022-10-20
3317,96,95,479,1666278826,0.0,5,4,13,,WTI-22OCT20-B88.5,between,88.99,88.0,,$88 to 88.99,finalized,2022-10-20 15:13:46,2022-10-20
3318,89,83,885,1666278882,0.0,17,11,14,,WTI-22OCT20-B87.5,between,87.99,87.0,,$87 to 87.99,finalized,2022-10-20 15:14:42,2022-10-20
3319,89,85,885,1666278883,0.0,15,11,14,,WTI-22OCT20-B87.5,between,87.99,87.0,,$87 to 87.99,finalized,2022-10-20 15:14:43,2022-10-20
3320,98,94,622,1666278983,0.0,6,2,6,,WTI-22OCT20-B83.5,between,83.99,83.0,,$83 to 83.99,finalized,2022-10-20 15:16:23,2022-10-20
3321,98,95,622,1666278985,0.0,5,2,6,,WTI-22OCT20-B83.5,between,83.99,83.0,,$83 to 83.99,finalized,2022-10-20 15:16:25,2022-10-20
3322,89,65,857,1666278985,0.0,35,11,30,,WTI-22OCT20-B86.5,between,86.99,86.0,,$86 to 86.99,finalized,2022-10-20 15:16:25,2022-10-20
3323,72,65,857,1666278985,0.0,35,28,30,,WTI-22OCT20-B86.5,between,86.99,86.0,,$86 to 86.99,finalized,2022-10-20 15:16:25,2022-10-20
3324,70,65,857,1666278985,0.0,35,30,30,,WTI-22OCT20-B86.5,between,86.99,86.0,,$86 to 86.99,finalized,2022-10-20 15:16:25,2022-10-20
3325,96,94,479,1666278985,0.0,6,4,13,,WTI-22OCT20-B88.5,between,88.99,88.0,,$88 to 88.99,finalized,2022-10-20 15:16:25,2022-10-20
3326,89,83,885,1666279062,0.0,17,11,14,,WTI-22OCT20-B87.5,between,87.99,87.0,,$87 to 87.99,finalized,2022-10-20 15:17:42,2022-10-20
3327,91,86,903,1666279064,0.0,14,9,13,,WTI-22OCT20-B84.5,between,84.99,84.0,,$84 to 84.99,finalized,2022-10-20 15:17:44,2022-10-20
3328,75,66,1524,1666279064,0.0,34,25,31,,WTI-22OCT20-B85.5,between,85.99,85.0,,$85 to 85.99,finalized,2022-10-20 15:17:44,2022-10-20
3329,70,63,857,1666279064,0.0,37,30,30,,WTI-22OCT20-B86.5,between,86.99,86.0,,$86 to 86.99,finalized,2022-10-20 15:17:44,2022-10-20
3330,87,83,885,1666279064,0.0,17,13,14,,WTI-22OCT20-B87.5,between,87.99,87.0,,$87 to 87.99,finalized,2022-10-20 15:17:44,2022-10-20
3331,92,86,903,1666279065,0.0,14,8,13,,WTI-22OCT20-B84.5,between,84.99,84.0,,$84 to 84.99,finalized,2022-10-20 15:17:45,2022-10-20
3332,92,88,903,1666279065,0.0,12,8,13,,WTI-22OCT20-B84.5,between,84.99,84.0,,$84 to 84.99,finalized,2022-10-20 15:17:45,2022-10-20
3333,75,69,1524,1666279065,0.0,31,25,31,,WTI-22OCT20-B85.5,between,85.99,85.0,,$85 to 85.99,finalized,2022-10-20 15:17:45,2022-10-20
3334,74,69,1524,1666279065,0.0,31,26,31,,WTI-22OCT20-B85.5,between,85.99,85.0,,$85 to 85.99,finalized,2022-10-20 15:17:45,2022-10-20
3335,68,63,857,1666279065,0.0,37,32,30,,WTI-22OCT20-B86.5,between,86.99,86.0,,$86 to 86.99,finalized,2022-10-20 15:17:45,2022-10-20
3336,98,96,622,1666279066,0.0,4,2,6,,WTI-22OCT20-B83.5,between,83.99,83.0,,$83 to 83.99,finalized,2022-10-20 15:17:46,2022-10-20
3337,73,69,1524,1666279186,0.0,31,27,31,,WTI-22OCT20-B85.5,between,85.99,85.0,,$85 to 85.99,finalized,2022-10-20 15:19:46,2022-10-20
3338,92,88,913,1666279258,10.0,12,8,12,,WTI-22OCT20-B84.5,between,84.99,84.0,,$84 to 84.99,finalized,2022-10-20 15:20:58,2022-10-20
3339,87,83,885,1666279262,10.0,17,13,13,,WTI-22OCT20-B87.5,between,87.99,87.0,,$87 to 87.99,finalized,2022-10-20 15:21:02,2022-10-20
3340,92,88,923,1666279266,10.0,12,8,12,,WTI-22OCT20-B84.5,between,84.99,84.0,,$84 to 84.99,finalized,2022-10-20 15:21:06,2022-10-20
3341,68,63,857,1666279266,10.0,37,32,32,,WTI-22OCT20-B86.5,between,86.99,86.0,,$86 to 86.99,finalized,2022-10-20 15:21:06,2022-10-20
3342,92,87,1011,1666279268,88.0,13,8,12,,WTI-22OCT20-B84.5,between,84.99,84.0,,$84 to 84.99,finalized,2022-10-20 15:21:08,2022-10-20
3343,87,83,885,1666279269,10.0,17,13,13,,WTI-22OCT20-B87.5,between,87.99,87.0,,$87 to 87.99,finalized,2022-10-20 15:21:09,2022-10-20
3344,71,69,1524,1666279270,0.0,31,29,31,,WTI-22OCT20-B85.5,between,85.99,85.0,,$85 to 85.99,finalized,2022-10-20 15:21:10,2022-10-20
3345,92,87,1021,1666279273,10.0,13,8,13,,WTI-22OCT20-B84.5,between,84.99,84.0,,$84 to 84.99,finalized,2022-10-20 15:21:13,2022-10-20
3346,68,65,857,1666279275,0.0,35,32,32,,WTI-22OCT20-B86.5,between,86.99,86.0,,$86 to 86.99,finalized,2022-10-20 15:21:15,2022-10-20
3347,87,83,885,1666279277,10.0,17,13,13,,WTI-22OCT20-B87.5,between,87.99,87.0,,$87 to 87.99,finalized,2022-10-20 15:21:17,2022-10-20
3348,92,87,1031,1666279281,10.0,13,8,13,,WTI-22OCT20-B84.5,between,84.99,84.0,,$84 to 84.99,finalized,2022-10-20 15:21:21,2022-10-20
3349,87,83,885,1666279284,10.0,17,13,13,,WTI-22OCT20-B87.5,between,87.99,87.0,,$87 to 87.99,finalized,2022-10-20 15:21:24,2022-10-20
3350,98,95,622,1666279287,0.0,5,2,6,,WTI-22OCT20-B83.5,between,83.99,83.0,,$83 to 83.99,finalized,2022-10-20 15:21:27,2022-10-20
3351,93,87,1031,1666279287,0.0,13,7,13,,WTI-22OCT20-B84.5,between,84.99,84.0,,$84 to 84.99,finalized,2022-10-20 15:21:27,2022-10-20
3352,93,55,1031,1666279287,0.0,45,7,13,,WTI-22OCT20-B84.5,between,84.99,84.0,,$84 to 84.99,finalized,2022-10-20 15:21:27,2022-10-20
3353,100,55,1031,1666279287,0.0,45,0,13,,WTI-22OCT20-B84.5,between,84.99,84.0,,$84 to 84.99,finalized,2022-10-20 15:21:27,2022-10-20
3354,68,63,857,1666279287,0.0,37,32,32,,WTI-22OCT20-B86.5,between,86.99,86.0,,$86 to 86.99,finalized,2022-10-20 15:21:27,2022-10-20
3355,70,63,857,1666279287,0.0,37,30,32,,WTI-22OCT20-B86.5,between,86.99,86.0,,$86 to 86.99,finalized,2022-10-20 15:21:27,2022-10-20
3356,72,63,857,1666279288,0.0,37,28,32,,WTI-22OCT20-B86.5,between,86.99,86.0,,$86 to 86.99,finalized,2022-10-20 15:21:28,2022-10-20
3357,90,55,1031,1666279289,0.0,45,10,13,,WTI-22OCT20-B84.5,between,84.99,84.0,,$84 to 84.99,finalized,2022-10-20 15:21:29,2022-10-20
3358,90,84,1031,1666279289,0.0,16,10,13,,WTI-22OCT20-B84.5,between,84.99,84.0,,$84 to 84.99,finalized,2022-10-20 15:21:29,2022-10-20
3359,88,84,1031,1666279289,0.0,16,12,13,,WTI-22OCT20-B84.5,between,84.99,84.0,,$84 to 84.99,finalized,2022-10-20 15:21:29,2022-10-20
3360,74,69,1524,1666279289,0.0,31,26,31,,WTI-22OCT20-B85.5,between,85.99,85.0,,$85 to 85.99,finalized,2022-10-20 15:21:29,2022-10-20
3361,74,66,1524,1666279289,0.0,34,26,31,,WTI-22OCT20-B85.5,between,85.99,85.0,,$85 to 85.99,finalized,2022-10-20 15:21:29,2022-10-20
3362,76,66,1524,1666279289,0.0,34,24,31,,WTI-22OCT20-B85.5,between,85.99,85.0,,$85 to 85.99,finalized,2022-10-20 15:21:29,2022-10-20
3363,100,66,1524,1666279289,0.0,34,0,31,,WTI-22OCT20-B85.5,between,85.99,85.0,,$85 to 85.99,finalized,2022-10-20 15:21:29,2022-10-20
3364,72,65,857,1666279289,0.0,35,28,32,,WTI-22OCT20-B86.5,between,86.99,86.0,,$86 to 86.99,finalized,2022-10-20 15:21:29,2022-10-20
3365,72,67,857,1666279289,0.0,33,28,32,,WTI-22OCT20-B86.5,between,86.99,86.0,,$86 to 86.99,finalized,2022-10-20 15:21:29,2022-10-20
3366,87,81,885,1666279289,0.0,19,13,13,,WTI-22OCT20-B87.5,between,87.99,87.0,,$87 to 87.99,finalized,2022-10-20 15:21:29,2022-10-20
3367,96,81,885,1666279289,0.0,19,4,13,,WTI-22OCT20-B87.5,between,87.99,87.0,,$87 to 87.99,finalized,2022-10-20 15:21:29,2022-10-20
3368,96,79,885,1666279289,0.0,21,4,13,,WTI-22OCT20-B87.5,between,87.99,87.0,,$87 to 87.99,finalized,2022-10-20 15:21:29,2022-10-20
3369,96,55,885,1666279289,0.0,45,4,13,,WTI-22OCT20-B87.5,between,87.99,87.0,,$87 to 87.99,finalized,2022-10-20 15:21:29,2022-10-20
3370,73,66,1524,1666279291,0.0,34,27,31,,WTI-22OCT20-B85.5,between,85.99,85.0,,$85 to 85.99,finalized,2022-10-20 15:21:31,2022-10-20
3371,71,66,1524,1666279291,0.0,34,29,31,,WTI-22OCT20-B85.5,between,85.99,85.0,,$85 to 85.99,finalized,2022-10-20 15:21:31,2022-10-20
3372,69,66,1524,1666279291,0.0,34,31,31,,WTI-22OCT20-B85.5,between,85.99,85.0,,$85 to 85.99,finalized,2022-10-20 15:21:31,2022-10-20
3373,96,85,885,1666279291,0.0,15,4,13,,WTI-22OCT20-B87.5,between,87.99,87.0,,$87 to 87.99,finalized,2022-10-20 15:21:31,2022-10-20
3374,93,85,885,1666279291,0.0,15,7,13,,WTI-22OCT20-B87.5,between,87.99,87.0,,$87 to 87.99,finalized,2022-10-20 15:21:31,2022-10-20
3375,91,85,885,1666279291,0.0,15,9,13,,WTI-22OCT20-B87.5,between,87.99,87.0,,$87 to 87.99,finalized,2022-10-20 15:21:31,2022-10-20
3376,91,86,885,1666279291,0.0,14,9,13,,WTI-22OCT20-B87.5,between,87.99,87.0,,$87 to 87.99,finalized,2022-10-20 15:21:31,2022-10-20
3377,91,87,885,1666279291,0.0,13,9,13,,WTI-22OCT20-B87.5,between,87.99,87.0,,$87 to 87.99,finalized,2022-10-20 15:21:31,2022-10-20
3378,96,95,479,1666279291,0.0,5,4,13,,WTI-22OCT20-B88.5,between,88.99,88.0,,$88 to 88.99,finalized,2022-10-20 15:21:31,2022-10-20
3379,89,84,1031,1666279366,0.0,16,11,13,,WTI-22OCT20-B84.5,between,84.99,84.0,,$84 to 84.99,finalized,2022-10-20 15:22:46,2022-10-20
3380,71,66,1524,1666279366,0.0,34,29,31,,WTI-22OCT20-B85.5,between,85.99,85.0,,$85 to 85.99,finalized,2022-10-20 15:22:46,2022-10-20
3381,70,67,857,1666279366,0.0,33,30,32,,WTI-22OCT20-B86.5,between,86.99,86.0,,$86 to 86.99,finalized,2022-10-20 15:22:46,2022-10-20
3382,70,65,857,1666279366,0.0,35,30,32,,WTI-22OCT20-B86.5,between,86.99,86.0,,$86 to 86.99,finalized,2022-10-20 15:22:46,2022-10-20
3383,90,87,885,1666279366,0.0,13,10,13,,WTI-22OCT20-B87.5,between,87.99,87.0,,$87 to 87.99,finalized,2022-10-20 15:22:46,2022-10-20
3384,90,86,885,1666279366,0.0,14,10,13,,WTI-22OCT20-B87.5,between,87.99,87.0,,$87 to 87.99,finalized,2022-10-20 15:22:46,2022-10-20
3385,89,85,1031,1666279367,0.0,15,11,13,,WTI-22OCT20-B84.5,between,84.99,84.0,,$84 to 84.99,finalized,2022-10-20 15:22:47,2022-10-20
3386,89,86,1031,1666279367,0.0,14,11,13,,WTI-22OCT20-B84.5,between,84.99,84.0,,$84 to 84.99,finalized,2022-10-20 15:22:47,2022-10-20
3387,90,86,1031,1666279368,0.0,14,10,13,,WTI-22OCT20-B84.5,between,84.99,84.0,,$84 to 84.99,finalized,2022-10-20 15:22:48,2022-10-20
3388,90,86,895,1666279441,10.0,14,10,14,,WTI-22OCT20-B87.5,between,87.99,87.0,,$87 to 87.99,finalized,2022-10-20 15:24:01,2022-10-20
3389,90,85,1082,1666279446,51.0,15,10,14,,WTI-22OCT20-B84.5,between,84.99,84.0,,$84 to 84.99,finalized,2022-10-20 15:24:06,2022-10-20
3390,96,95,509,1666279454,30.0,5,4,5,,WTI-22OCT20-B88.5,between,88.99,88.0,,$88 to 88.99,finalized,2022-10-20 15:24:14,2022-10-20
3391,90,83,1122,1666279498,40.0,17,10,15,,WTI-22OCT20-B84.5,between,84.99,84.0,,$84 to 84.99,finalized,2022-10-20 15:24:58,2022-10-20
3392,98,94,726,1666279503,104.0,6,2,5,,WTI-22OCT20-B83.5,between,83.99,83.0,,$83 to 83.99,finalized,2022-10-20 15:25:03,2022-10-20
3393,71,65,1524,1666279515,55.0,35,29,35,,WTI-22OCT20-B85.5,between,85.99,85.0,,$85 to 85.99,finalized,2022-10-20 15:25:15,2022-10-20
3394,100,65,1524,1666279573,0.0,35,0,35,,WTI-22OCT20-B85.5,between,85.99,85.0,,$85 to 85.99,finalized,2022-10-20 15:26:13,2022-10-20
3395,72,65,857,1666279573,0.0,35,28,32,,WTI-22OCT20-B86.5,between,86.99,86.0,,$86 to 86.99,finalized,2022-10-20 15:26:13,2022-10-20
3396,74,65,857,1666279573,0.0,35,26,32,,WTI-22OCT20-B86.5,between,86.99,86.0,,$86 to 86.99,finalized,2022-10-20 15:26:13,2022-10-20
3397,74,63,857,1666279573,0.0,37,26,32,,WTI-22OCT20-B86.5,between,86.99,86.0,,$86 to 86.99,finalized,2022-10-20 15:26:13,2022-10-20
3398,89,63,857,1666279573,0.0,37,11,32,,WTI-22OCT20-B86.5,between,86.99,86.0,,$86 to 86.99,finalized,2022-10-20 15:26:13,2022-10-20
3399,89,55,857,1666279573,0.0,45,11,32,,WTI-22OCT20-B86.5,between,86.99,86.0,,$86 to 86.99,finalized,2022-10-20 15:26:13,2022-10-20
3400,98,93,726,1666279574,0.0,7,2,5,,WTI-22OCT20-B83.5,between,83.99,83.0,,$83 to 83.99,finalized,2022-10-20 15:26:14,2022-10-20
3401,97,93,726,1666279575,0.0,7,3,5,,WTI-22OCT20-B83.5,between,83.99,83.0,,$83 to 83.99,finalized,2022-10-20 15:26:15,2022-10-20
3402,96,93,726,1666279575,0.0,7,4,5,,WTI-22OCT20-B83.5,between,83.99,83.0,,$83 to 83.99,finalized,2022-10-20 15:26:15,2022-10-20
3403,90,55,1122,1666279575,0.0,45,10,15,,WTI-22OCT20-B84.5,between,84.99,84.0,,$84 to 84.99,finalized,2022-10-20 15:26:15,2022-10-20
3404,72,65,1524,1666279575,0.0,35,28,35,,WTI-22OCT20-B85.5,between,85.99,85.0,,$85 to 85.99,finalized,2022-10-20 15:26:15,2022-10-20
3405,68,65,1524,1666279575,0.0,35,32,35,,WTI-22OCT20-B85.5,between,85.99,85.0,,$85 to 85.99,finalized,2022-10-20 15:26:15,2022-10-20
3406,77,55,857,1666279575,0.0,45,23,32,,WTI-22OCT20-B86.5,between,86.99,86.0,,$86 to 86.99,finalized,2022-10-20 15:26:15,2022-10-20
3407,75,55,857,1666279575,0.0,45,25,32,,WTI-22OCT20-B86.5,between,86.99,86.0,,$86 to 86.99,finalized,2022-10-20 15:26:15,2022-10-20
3408,75,70,857,1666279575,0.0,30,25,32,,WTI-22OCT20-B86.5,between,86.99,86.0,,$86 to 86.99,finalized,2022-10-20 15:26:15,2022-10-20
3409,90,83,895,1666279575,0.0,17,10,14,,WTI-22OCT20-B87.5,between,87.99,87.0,,$87 to 87.99,finalized,2022-10-20 15:26:15,2022-10-20
3410,96,83,895,1666279575,0.0,17,4,14,,WTI-22OCT20-B87.5,between,87.99,87.0,,$87 to 87.99,finalized,2022-10-20 15:26:15,2022-10-20
3411,100,55,1122,1666279576,0.0,45,0,15,,WTI-22OCT20-B84.5,between,84.99,84.0,,$84 to 84.99,finalized,2022-10-20 15:26:16,2022-10-20
3412,96,55,895,1666279576,0.0,45,4,14,,WTI-22OCT20-B87.5,between,87.99,87.0,,$87 to 87.99,finalized,2022-10-20 15:26:16,2022-10-20
3413,87,55,1122,1666279577,0.0,45,13,15,,WTI-22OCT20-B84.5,between,84.99,84.0,,$84 to 84.99,finalized,2022-10-20 15:26:17,2022-10-20
3414,87,79,1122,1666279577,0.0,21,13,15,,WTI-22OCT20-B84.5,between,84.99,84.0,,$84 to 84.99,finalized,2022-10-20 15:26:17,2022-10-20
3415,87,81,1122,1666279577,0.0,19,13,15,,WTI-22OCT20-B84.5,between,84.99,84.0,,$84 to 84.99,finalized,2022-10-20 15:26:17,2022-10-20
3416,86,81,1122,1666279577,0.0,19,14,15,,WTI-22OCT20-B84.5,between,84.99,84.0,,$84 to 84.99,finalized,2022-10-20 15:26:17,2022-10-20
3417,96,88,895,1666279577,0.0,12,4,14,,WTI-22OCT20-B87.5,between,87.99,87.0,,$87 to 87.99,finalized,2022-10-20 15:26:17,2022-10-20
3418,95,88,895,1666279577,0.0,12,5,14,,WTI-22OCT20-B87.5,between,87.99,87.0,,$87 to 87.99,finalized,2022-10-20 15:26:17,2022-10-20
3419,94,88,895,1666279577,0.0,12,6,14,,WTI-22OCT20-B87.5,between,87.99,87.0,,$87 to 87.99,finalized,2022-10-20 15:26:17,2022-10-20
3420,85,81,1122,1666279578,0.0,19,15,15,,WTI-22OCT20-B84.5,between,84.99,84.0,,$84 to 84.99,finalized,2022-10-20 15:26:18,2022-10-20
3421,93,88,895,1666279578,0.0,12,7,14,,WTI-22OCT20-B87.5,between,87.99,87.0,,$87 to 87.99,finalized,2022-10-20 15:26:18,2022-10-20
3422,93,89,895,1666279578,0.0,11,7,14,,WTI-22OCT20-B87.5,between,87.99,87.0,,$87 to 87.99,finalized,2022-10-20 15:26:18,2022-10-20
3423,97,93,726,1666279641,0.0,7,3,5,,WTI-22OCT20-B83.5,between,83.99,83.0,,$83 to 83.99,finalized,2022-10-20 15:27:21,2022-10-20
3424,85,79,1122,1666279641,0.0,21,15,15,,WTI-22OCT20-B84.5,between,84.99,84.0,,$84 to 84.99,finalized,2022-10-20 15:27:21,2022-10-20
3425,85,55,1122,1666279641,0.0,45,15,15,,WTI-22OCT20-B84.5,between,84.99,84.0,,$84 to 84.99,finalized,2022-10-20 15:27:21,2022-10-20
3426,75,55,857,1666279641,0.0,45,25,32,,WTI-22OCT20-B86.5,between,86.99,86.0,,$86 to 86.99,finalized,2022-10-20 15:27:21,2022-10-20
3427,89,55,857,1666279641,0.0,45,11,32,,WTI-22OCT20-B86.5,between,86.99,86.0,,$86 to 86.99,finalized,2022-10-20 15:27:21,2022-10-20
3428,97,94,726,1666279642,0.0,6,3,5,,WTI-22OCT20-B83.5,between,83.99,83.0,,$83 to 83.99,finalized,2022-10-20 15:27:22,2022-10-20
3429,85,78,1122,1666279642,0.0,22,15,15,,WTI-22OCT20-B84.5,between,84.99,84.0,,$84 to 84.99,finalized,2022-10-20 15:27:22,2022-10-20
3430,78,55,857,1666279642,0.0,45,22,32,,WTI-22OCT20-B86.5,between,86.99,86.0,,$86 to 86.99,finalized,2022-10-20 15:27:22,2022-10-20
3431,78,71,857,1666279642,0.0,29,22,32,,WTI-22OCT20-B86.5,between,86.99,86.0,,$86 to 86.99,finalized,2022-10-20 15:27:22,2022-10-20
3432,99,96,514,1666279642,5.0,4,1,4,,WTI-22OCT20-B88.5,between,88.99,88.0,,$88 to 88.99,finalized,2022-10-20 15:27:22,2022-10-20
3433,85,80,1122,1666279643,0.0,20,15,15,,WTI-22OCT20-B84.5,between,84.99,84.0,,$84 to 84.99,finalized,2022-10-20 15:27:23,2022-10-20
3434,66,65,1524,1666279643,0.0,35,34,35,,WTI-22OCT20-B85.5,between,85.99,85.0,,$85 to 85.99,finalized,2022-10-20 15:27:23,2022-10-20
3435,76,71,857,1666279643,0.0,29,24,32,,WTI-22OCT20-B86.5,between,86.99,86.0,,$86 to 86.99,finalized,2022-10-20 15:27:23,2022-10-20
3436,83,80,1122,1666279687,0.0,20,17,15,,WTI-22OCT20-B84.5,between,84.99,84.0,,$84 to 84.99,finalized,2022-10-20 15:28:07,2022-10-20
3437,83,80,1132,1666279688,10.0,20,17,20,,WTI-22OCT20-B84.5,between,84.99,84.0,,$84 to 84.99,finalized,2022-10-20 15:28:08,2022-10-20
3438,83,80,1142,1666279696,1750.0,20,17,20,,WTI-22OCT20-B84.5,between,84.99,84.0,,$84 to 84.99,finalized,2022-10-20 15:28:16,2022-10-20
3439,85,80,1152,1666279703,10.0,20,15,20,,WTI-22OCT20-B84.5,between,84.99,84.0,,$84 to 84.99,finalized,2022-10-20 15:28:23,2022-10-20
3440,85,80,1162,1666279710,10.0,20,15,20,,WTI-22OCT20-B84.5,between,84.99,84.0,,$84 to 84.99,finalized,2022-10-20 15:28:30,2022-10-20
3441,84,80,1162,1666279716,0.0,20,16,20,,WTI-22OCT20-B84.5,between,84.99,84.0,,$84 to 84.99,finalized,2022-10-20 15:28:36,2022-10-20
3442,84,80,1172,1666279725,10.0,20,16,20,,WTI-22OCT20-B84.5,between,84.99,84.0,,$84 to 84.99,finalized,2022-10-20 15:28:45,2022-10-20
3443,85,80,1182,1666279732,10.0,20,15,20,,WTI-22OCT20-B84.5,between,84.99,84.0,,$84 to 84.99,finalized,2022-10-20 15:28:52,2022-10-20
3444,76,71,857,1666279737,10.0,29,24,24,,WTI-22OCT20-B86.5,between,86.99,86.0,,$86 to 86.99,finalized,2022-10-20 15:28:57,2022-10-20
3445,85,80,1192,1666279740,10.0,20,15,20,,WTI-22OCT20-B84.5,between,84.99,84.0,,$84 to 84.99,finalized,2022-10-20 15:29:00,2022-10-20
3446,83,80,1192,1666279743,0.0,20,17,20,,WTI-22OCT20-B84.5,between,84.99,84.0,,$84 to 84.99,finalized,2022-10-20 15:29:03,2022-10-20
3447,76,71,857,1666279745,10.0,29,24,24,,WTI-22OCT20-B86.5,between,86.99,86.0,,$86 to 86.99,finalized,2022-10-20 15:29:05,2022-10-20
3448,83,80,1202,1666279747,10.0,20,17,20,,WTI-22OCT20-B84.5,between,84.99,84.0,,$84 to 84.99,finalized,2022-10-20 15:29:07,2022-10-20
3449,85,80,1212,1666279762,10.0,20,15,20,,WTI-22OCT20-B84.5,between,84.99,84.0,,$84 to 84.99,finalized,2022-10-20 15:29:22,2022-10-20
3450,84,80,1212,1666279771,0.0,20,16,20,,WTI-22OCT20-B84.5,between,84.99,84.0,,$84 to 84.99,finalized,2022-10-20 15:29:31,2022-10-20
3451,93,90,895,1666279778,0.0,10,7,14,,WTI-22OCT20-B87.5,between,87.99,87.0,,$87 to 87.99,finalized,2022-10-20 15:29:38,2022-10-20
3452,66,61,1464,1666279807,60.0,39,34,35,,WTI-22OCT20-B85.5,between,85.99,85.0,,$85 to 85.99,finalized,2022-10-20 15:30:07,2022-10-20
3453,66,62,1464,1666279820,0.0,38,34,35,,WTI-22OCT20-B85.5,between,85.99,85.0,,$85 to 85.99,finalized,2022-10-20 15:30:20,2022-10-20
3454,84,78,1265,1666279999,53.0,22,16,20,,WTI-22OCT20-B84.5,between,84.99,84.0,,$84 to 84.99,finalized,2022-10-20 15:33:19,2022-10-20
3455,84,78,1275,1666280033,10.0,22,16,22,,WTI-22OCT20-B84.5,between,84.99,84.0,,$84 to 84.99,finalized,2022-10-20 15:33:53,2022-10-20
3456,83,78,1275,1666280033,0.0,22,17,22,,WTI-22OCT20-B84.5,between,84.99,84.0,,$84 to 84.99,finalized,2022-10-20 15:33:53,2022-10-20
3457,66,59,1536,1666280064,97.0,41,34,39,,WTI-22OCT20-B85.5,between,85.99,85.0,,$85 to 85.99,finalized,2022-10-20 15:34:24,2022-10-20
3458,93,90,797,1666280075,98.0,10,7,7,,WTI-22OCT20-B87.5,between,87.99,87.0,,$87 to 87.99,finalized,2022-10-20 15:34:35,2022-10-20
3459,84,76,1368,1666280079,93.0,24,16,22,,WTI-22OCT20-B84.5,between,84.99,84.0,,$84 to 84.99,finalized,2022-10-20 15:34:39,2022-10-20
3460,83,76,1368,1666280090,0.0,24,17,22,,WTI-22OCT20-B84.5,between,84.99,84.0,,$84 to 84.99,finalized,2022-10-20 15:34:50,2022-10-20
3461,66,55,1536,1666280092,0.0,45,34,39,,WTI-22OCT20-B85.5,between,85.99,85.0,,$85 to 85.99,finalized,2022-10-20 15:34:52,2022-10-20
3462,80,71,857,1666280092,0.0,29,20,24,,WTI-22OCT20-B86.5,between,86.99,86.0,,$86 to 86.99,finalized,2022-10-20 15:34:52,2022-10-20
3463,66,59,1536,1666280101,0.0,41,34,39,,WTI-22OCT20-B85.5,between,85.99,85.0,,$85 to 85.99,finalized,2022-10-20 15:35:01,2022-10-20
3464,84,55,1465,1666280105,97.0,45,16,24,,WTI-22OCT20-B84.5,between,84.99,84.0,,$84 to 84.99,finalized,2022-10-20 15:35:05,2022-10-20
3465,80,55,1465,1666280119,0.0,45,20,24,,WTI-22OCT20-B84.5,between,84.99,84.0,,$84 to 84.99,finalized,2022-10-20 15:35:19,2022-10-20
3466,80,67,1465,1666280119,0.0,33,20,24,,WTI-22OCT20-B84.5,between,84.99,84.0,,$84 to 84.99,finalized,2022-10-20 15:35:19,2022-10-20
3467,80,72,857,1666280127,0.0,28,20,24,,WTI-22OCT20-B86.5,between,86.99,86.0,,$86 to 86.99,finalized,2022-10-20 15:35:27,2022-10-20
3468,94,90,797,1666280128,7.0,10,6,7,,WTI-22OCT20-B87.5,between,87.99,87.0,,$87 to 87.99,finalized,2022-10-20 15:35:28,2022-10-20
3469,97,93,865,1666280131,139.0,7,3,6,,WTI-22OCT20-B83.5,between,83.99,83.0,,$83 to 83.99,finalized,2022-10-20 15:35:31,2022-10-20
3470,81,55,1465,1666280148,0.0,45,19,24,,WTI-22OCT20-B84.5,between,84.99,84.0,,$84 to 84.99,finalized,2022-10-20 15:35:48,2022-10-20
3471,81,68,1465,1666280148,0.0,32,19,24,,WTI-22OCT20-B84.5,between,84.99,84.0,,$84 to 84.99,finalized,2022-10-20 15:35:48,2022-10-20
3472,80,71,857,1666280155,0.0,29,20,24,,WTI-22OCT20-B86.5,between,86.99,86.0,,$86 to 86.99,finalized,2022-10-20 15:35:55,2022-10-20
3473,84,70,1465,1666280160,0.0,30,16,24,,WTI-22OCT20-B84.5,between,84.99,84.0,,$84 to 84.99,finalized,2022-10-20 15:36:00,2022-10-20
3474,82,70,1465,1666280176,0.0,30,18,24,,WTI-22OCT20-B84.5,between,84.99,84.0,,$84 to 84.99,finalized,2022-10-20 15:36:16,2022-10-20
3475,98,93,865,1666280178,0.0,7,2,6,,WTI-22OCT20-B83.5,between,83.99,83.0,,$83 to 83.99,finalized,2022-10-20 15:36:18,2022-10-20
3476,97,93,865,1666280179,0.0,7,3,6,,WTI-22OCT20-B83.5,between,83.99,83.0,,$83 to 83.99,finalized,2022-10-20 15:36:19,2022-10-20
3477,80,55,857,1666280179,0.0,45,20,24,,WTI-22OCT20-B86.5,between,86.99,86.0,,$86 to 86.99,finalized,2022-10-20 15:36:19,2022-10-20
3478,89,55,857,1666280180,0.0,45,11,24,,WTI-22OCT20-B86.5,between,86.99,86.0,,$86 to 86.99,finalized,2022-10-20 15:36:20,2022-10-20
3479,95,90,797,1666280180,0.0,10,5,7,,WTI-22OCT20-B87.5,between,87.99,87.0,,$87 to 87.99,finalized,2022-10-20 15:36:20,2022-10-20
3480,100,96,514,1666280180,0.0,4,0,4,,WTI-22OCT20-B88.5,between,88.99,88.0,,$88 to 88.99,finalized,2022-10-20 15:36:20,2022-10-20
3481,100,55,514,1666280180,0.0,45,0,4,,WTI-22OCT20-B88.5,between,88.99,88.0,,$88 to 88.99,finalized,2022-10-20 15:36:20,2022-10-20
3482,80,70,1465,1666280181,0.0,30,20,24,,WTI-22OCT20-B84.5,between,84.99,84.0,,$84 to 84.99,finalized,2022-10-20 15:36:21,2022-10-20
3483,80,73,1465,1666280181,0.0,27,20,24,,WTI-22OCT20-B84.5,between,84.99,84.0,,$84 to 84.99,finalized,2022-10-20 15:36:21,2022-10-20
3484,64,59,1536,1666280181,0.0,41,36,39,,WTI-22OCT20-B85.5,between,85.99,85.0,,$85 to 85.99,finalized,2022-10-20 15:36:21,2022-10-20
3485,83,55,857,1666280181,0.0,45,17,24,,WTI-22OCT20-B86.5,between,86.99,86.0,,$86 to 86.99,finalized,2022-10-20 15:36:21,2022-10-20
3486,83,76,857,1666280181,0.0,24,17,24,,WTI-22OCT20-B86.5,between,86.99,86.0,,$86 to 86.99,finalized,2022-10-20 15:36:21,2022-10-20
3487,81,76,857,1666280181,0.0,24,19,24,,WTI-22OCT20-B86.5,between,86.99,86.0,,$86 to 86.99,finalized,2022-10-20 15:36:21,2022-10-20
3488,95,91,797,1666280181,0.0,9,5,7,,WTI-22OCT20-B87.5,between,87.99,87.0,,$87 to 87.99,finalized,2022-10-20 15:36:21,2022-10-20
3489,80,75,1465,1666280182,0.0,25,20,24,,WTI-22OCT20-B84.5,between,84.99,84.0,,$84 to 84.99,finalized,2022-10-20 15:36:22,2022-10-20
3490,95,92,797,1666280182,0.0,8,5,7,,WTI-22OCT20-B87.5,between,87.99,87.0,,$87 to 87.99,finalized,2022-10-20 15:36:22,2022-10-20
3491,79,75,1465,1666280233,0.0,25,21,24,,WTI-22OCT20-B84.5,between,84.99,84.0,,$84 to 84.99,finalized,2022-10-20 15:37:13,2022-10-20
3492,79,75,1475,1666280233,10.0,25,21,25,,WTI-22OCT20-B84.5,between,84.99,84.0,,$84 to 84.99,finalized,2022-10-20 15:37:13,2022-10-20
3493,97,91,1002,1666280235,137.0,9,3,8,,WTI-22OCT20-B83.5,between,83.99,83.0,,$83 to 83.99,finalized,2022-10-20 15:37:15,2022-10-20
3494,79,75,1485,1666280240,10.0,25,21,25,,WTI-22OCT20-B84.5,between,84.99,84.0,,$84 to 84.99,finalized,2022-10-20 15:37:20,2022-10-20
3495,79,73,1514,1666280241,29.0,27,21,25,,WTI-22OCT20-B84.5,between,84.99,84.0,,$84 to 84.99,finalized,2022-10-20 15:37:21,2022-10-20
3496,80,73,1514,1666280250,0.0,27,20,25,,WTI-22OCT20-B84.5,between,84.99,84.0,,$84 to 84.99,finalized,2022-10-20 15:37:30,2022-10-20
3497,96,92,797,1666280250,0.0,8,4,7,,WTI-22OCT20-B87.5,between,87.99,87.0,,$87 to 87.99,finalized,2022-10-20 15:37:30,2022-10-20
3498,96,91,1002,1666280254,0.0,9,4,8,,WTI-22OCT20-B83.5,between,83.99,83.0,,$83 to 83.99,finalized,2022-10-20 15:37:34,2022-10-20
3499,78,73,1514,1666280254,0.0,27,22,25,,WTI-22OCT20-B84.5,between,84.99,84.0,,$84 to 84.99,finalized,2022-10-20 15:37:34,2022-10-20
3500,81,78,857,1666280254,0.0,22,19,24,,WTI-22OCT20-B86.5,between,86.99,86.0,,$86 to 86.99,finalized,2022-10-20 15:37:34,2022-10-20
3501,82,78,857,1666280254,0.0,22,18,24,,WTI-22OCT20-B86.5,between,86.99,86.0,,$86 to 86.99,finalized,2022-10-20 15:37:34,2022-10-20
3502,96,93,797,1666280254,0.0,7,4,7,,WTI-22OCT20-B87.5,between,87.99,87.0,,$87 to 87.99,finalized,2022-10-20 15:37:34,2022-10-20
3503,66,59,1486,1666280265,50.0,41,34,36,,WTI-22OCT20-B85.5,between,85.99,85.0,,$85 to 85.99,finalized,2022-10-20 15:37:45,2022-10-20
3504,95,91,1002,1666280324,0.0,9,5,8,,WTI-22OCT20-B83.5,between,83.99,83.0,,$83 to 83.99,finalized,2022-10-20 15:38:44,2022-10-20
3505,78,71,1514,1666280324,0.0,29,22,25,,WTI-22OCT20-B84.5,between,84.99,84.0,,$84 to 84.99,finalized,2022-10-20 15:38:44,2022-10-20
3506,68,59,1486,1666280324,0.0,41,32,36,,WTI-22OCT20-B85.5,between,85.99,85.0,,$85 to 85.99,finalized,2022-10-20 15:38:44,2022-10-20
3507,69,59,1486,1666280324,0.0,41,31,36,,WTI-22OCT20-B85.5,between,85.99,85.0,,$85 to 85.99,finalized,2022-10-20 15:38:44,2022-10-20
3508,86,78,857,1666280324,0.0,22,14,24,,WTI-22OCT20-B86.5,between,86.99,86.0,,$86 to 86.99,finalized,2022-10-20 15:38:44,2022-10-20
3509,86,76,857,1666280324,0.0,24,14,24,,WTI-22OCT20-B86.5,between,86.99,86.0,,$86 to 86.99,finalized,2022-10-20 15:38:44,2022-10-20
3510,86,55,857,1666280324,0.0,45,14,24,,WTI-22OCT20-B86.5,between,86.99,86.0,,$86 to 86.99,finalized,2022-10-20 15:38:44,2022-10-20
3511,69,60,1486,1666280325,0.0,40,31,36,,WTI-22OCT20-B85.5,between,85.99,85.0,,$85 to 85.99,finalized,2022-10-20 15:38:45,2022-10-20
3512,65,60,1486,1666280325,0.0,40,35,36,,WTI-22OCT20-B85.5,between,85.99,85.0,,$85 to 85.99,finalized,2022-10-20 15:38:45,2022-10-20
3513,83,55,857,1666280325,0.0,45,17,24,,WTI-22OCT20-B86.5,between,86.99,86.0,,$86 to 86.99,finalized,2022-10-20 15:38:45,2022-10-20
3514,83,75,857,1666280325,0.0,25,17,24,,WTI-22OCT20-B86.5,between,86.99,86.0,,$86 to 86.99,finalized,2022-10-20 15:38:45,2022-10-20
3515,76,71,1514,1666280326,0.0,29,24,25,,WTI-22OCT20-B84.5,between,84.99,84.0,,$84 to 84.99,finalized,2022-10-20 15:38:46,2022-10-20
3516,83,77,857,1666280326,0.0,23,17,24,,WTI-22OCT20-B86.5,between,86.99,86.0,,$86 to 86.99,finalized,2022-10-20 15:38:46,2022-10-20
3517,83,79,857,1666280326,0.0,21,17,24,,WTI-22OCT20-B86.5,between,86.99,86.0,,$86 to 86.99,finalized,2022-10-20 15:38:46,2022-10-20
3518,97,93,797,1666280490,0.0,7,3,7,,WTI-22OCT20-B87.5,between,87.99,87.0,,$87 to 87.99,finalized,2022-10-20 15:41:30,2022-10-20
3519,98,93,797,1666280490,0.0,7,2,7,,WTI-22OCT20-B87.5,between,87.99,87.0,,$87 to 87.99,finalized,2022-10-20 15:41:30,2022-10-20
3520,83,55,857,1666280491,0.0,45,17,24,,WTI-22OCT20-B86.5,between,86.99,86.0,,$86 to 86.99,finalized,2022-10-20 15:41:31,2022-10-20
3521,86,55,857,1666280491,0.0,45,14,24,,WTI-22OCT20-B86.5,between,86.99,86.0,,$86 to 86.99,finalized,2022-10-20 15:41:31,2022-10-20
3522,89,55,857,1666280491,0.0,45,11,24,,WTI-22OCT20-B86.5,between,86.99,86.0,,$86 to 86.99,finalized,2022-10-20 15:41:31,2022-10-20
3523,95,90,1002,1666280492,0.0,10,5,8,,WTI-22OCT20-B83.5,between,83.99,83.0,,$83 to 83.99,finalized,2022-10-20 15:41:32,2022-10-20
3524,94,90,1002,1666280492,0.0,10,6,8,,WTI-22OCT20-B83.5,between,83.99,83.0,,$83 to 83.99,finalized,2022-10-20 15:41:32,2022-10-20
3525,78,71,1514,1666280492,0.0,29,22,25,,WTI-22OCT20-B84.5,between,84.99,84.0,,$84 to 84.99,finalized,2022-10-20 15:41:32,2022-10-20
3526,80,71,1514,1666280492,0.0,29,20,25,,WTI-22OCT20-B84.5,between,84.99,84.0,,$84 to 84.99,finalized,2022-10-20 15:41:32,2022-10-20
3527,80,70,1514,1666280492,0.0,30,20,25,,WTI-22OCT20-B84.5,between,84.99,84.0,,$84 to 84.99,finalized,2022-10-20 15:41:32,2022-10-20
3528,100,70,1514,1666280492,0.0,30,0,25,,WTI-22OCT20-B84.5,between,84.99,84.0,,$84 to 84.99,finalized,2022-10-20 15:41:32,2022-10-20
3529,100,60,1486,1666280492,4071.0,40,0,36,,WTI-22OCT20-B85.5,between,85.99,85.0,,$85 to 85.99,finalized,2022-10-20 15:41:32,2022-10-20
3530,88,55,857,1666280492,0.0,45,12,24,,WTI-22OCT20-B86.5,between,86.99,86.0,,$86 to 86.99,finalized,2022-10-20 15:41:32,2022-10-20
3531,88,80,857,1666280492,0.0,20,12,24,,WTI-22OCT20-B86.5,between,86.99,86.0,,$86 to 86.99,finalized,2022-10-20 15:41:32,2022-10-20
3532,88,84,857,1666280492,0.0,16,12,24,,WTI-22OCT20-B86.5,between,86.99,86.0,,$86 to 86.99,finalized,2022-10-20 15:41:32,2022-10-20
3533,98,95,797,1666280492,0.0,5,2,7,,WTI-22OCT20-B87.5,between,87.99,87.0,,$87 to 87.99,finalized,2022-10-20 15:41:32,2022-10-20
3534,72,70,1514,1666280493,0.0,30,28,25,,WTI-22OCT20-B84.5,between,84.99,84.0,,$84 to 84.99,finalized,2022-10-20 15:41:33,2022-10-20
3535,70,65,1499,1666280493,15.0,35,30,30,,WTI-22OCT20-B84.5,between,84.99,84.0,,$84 to 84.99,finalized,2022-10-20 15:41:33,2022-10-20
3536,70,60,1486,1666280493,0.0,40,30,36,,WTI-22OCT20-B85.5,between,85.99,85.0,,$85 to 85.99,finalized,2022-10-20 15:41:33,2022-10-20
3537,66,60,1486,1666280493,0.0,40,34,36,,WTI-22OCT20-B85.5,between,85.99,85.0,,$85 to 85.99,finalized,2022-10-20 15:41:33,2022-10-20
3538,70,65,1489,1666280505,10.0,35,30,30,,WTI-22OCT20-B84.5,between,84.99,84.0,,$84 to 84.99,finalized,2022-10-20 15:41:45,2022-10-20
3539,95,90,1002,1666280556,0.0,10,5,8,,WTI-22OCT20-B83.5,between,83.99,83.0,,$83 to 83.99,finalized,2022-10-20 15:42:36,2022-10-20
3540,100,65,1489,1666280556,0.0,35,0,30,,WTI-22OCT20-B84.5,between,84.99,84.0,,$84 to 84.99,finalized,2022-10-20 15:42:36,2022-10-20
3541,77,65,1489,1666280556,0.0,35,23,30,,WTI-22OCT20-B84.5,between,84.99,84.0,,$84 to 84.99,finalized,2022-10-20 15:42:36,2022-10-20
3542,77,68,1489,1666280556,0.0,32,23,30,,WTI-22OCT20-B84.5,between,84.99,84.0,,$84 to 84.99,finalized,2022-10-20 15:42:36,2022-10-20
3543,75,68,1489,1666280556,0.0,32,25,30,,WTI-22OCT20-B84.5,between,84.99,84.0,,$84 to 84.99,finalized,2022-10-20 15:42:36,2022-10-20
3544,73,68,1489,1666280556,0.0,32,27,30,,WTI-22OCT20-B84.5,between,84.99,84.0,,$84 to 84.99,finalized,2022-10-20 15:42:36,2022-10-20
3545,66,59,1486,1666280556,0.0,41,34,36,,WTI-22OCT20-B85.5,between,85.99,85.0,,$85 to 85.99,finalized,2022-10-20 15:42:36,2022-10-20
3546,100,59,1486,1666280556,0.0,41,0,36,,WTI-22OCT20-B85.5,between,85.99,85.0,,$85 to 85.99,finalized,2022-10-20 15:42:36,2022-10-20
3547,88,82,857,1666280556,0.0,18,12,24,,WTI-22OCT20-B86.5,between,86.99,86.0,,$86 to 86.99,finalized,2022-10-20 15:42:36,2022-10-20
3548,98,94,797,1666280556,0.0,6,2,7,,WTI-22OCT20-B87.5,between,87.99,87.0,,$87 to 87.99,finalized,2022-10-20 15:42:36,2022-10-20
3549,97,94,797,1666280556,0.0,6,3,7,,WTI-22OCT20-B87.5,between,87.99,87.0,,$87 to 87.99,finalized,2022-10-20 15:42:36,2022-10-20
3550,95,91,1002,1666280558,0.0,9,5,8,,WTI-22OCT20-B83.5,between,83.99,83.0,,$83 to 83.99,finalized,2022-10-20 15:42:38,2022-10-20
3551,65,59,1486,1666280558,0.0,41,35,36,,WTI-22OCT20-B85.5,between,85.99,85.0,,$85 to 85.99,finalized,2022-10-20 15:42:38,2022-10-20
3552,87,82,857,1666280558,0.0,18,13,24,,WTI-22OCT20-B86.5,between,86.99,86.0,,$86 to 86.99,finalized,2022-10-20 15:42:38,2022-10-20
3553,86,82,857,1666280558,0.0,18,14,24,,WTI-22OCT20-B86.5,between,86.99,86.0,,$86 to 86.99,finalized,2022-10-20 15:42:38,2022-10-20
3554,95,90,1080,1666280577,78.0,10,5,9,,WTI-22OCT20-B83.5,between,83.99,83.0,,$83 to 83.99,finalized,2022-10-20 15:42:57,2022-10-20
3555,72,68,1489,1666280587,0.0,32,28,30,,WTI-22OCT20-B84.5,between,84.99,84.0,,$84 to 84.99,finalized,2022-10-20 15:43:07,2022-10-20
3556,65,59,1453,1666280591,33.0,41,35,35,,WTI-22OCT20-B85.5,between,85.99,85.0,,$85 to 85.99,finalized,2022-10-20 15:43:11,2022-10-20
3557,67,59,1426,1666280595,27.0,41,33,35,,WTI-22OCT20-B85.5,between,85.99,85.0,,$85 to 85.99,finalized,2022-10-20 15:43:15,2022-10-20
3558,95,89,1141,1666280605,61.0,11,5,10,,WTI-22OCT20-B83.5,between,83.99,83.0,,$83 to 83.99,finalized,2022-10-20 15:43:25,2022-10-20
3559,94,89,1141,1666280614,0.0,11,6,10,,WTI-22OCT20-B83.5,between,83.99,83.0,,$83 to 83.99,finalized,2022-10-20 15:43:34,2022-10-20
3560,73,68,1489,1666280615,0.0,32,27,30,,WTI-22OCT20-B84.5,between,84.99,84.0,,$84 to 84.99,finalized,2022-10-20 15:43:35,2022-10-20
3561,73,66,1489,1666280615,0.0,34,27,30,,WTI-22OCT20-B84.5,between,84.99,84.0,,$84 to 84.99,finalized,2022-10-20 15:43:35,2022-10-20
3562,87,82,857,1666280615,0.0,18,13,24,,WTI-22OCT20-B86.5,between,86.99,86.0,,$86 to 86.99,finalized,2022-10-20 15:43:35,2022-10-20
3563,87,80,857,1666280615,0.0,20,13,24,,WTI-22OCT20-B86.5,between,86.99,86.0,,$86 to 86.99,finalized,2022-10-20 15:43:35,2022-10-20
3564,87,78,857,1666280615,0.0,22,13,24,,WTI-22OCT20-B86.5,between,86.99,86.0,,$86 to 86.99,finalized,2022-10-20 15:43:35,2022-10-20
3565,87,55,857,1666280615,0.0,45,13,24,,WTI-22OCT20-B86.5,between,86.99,86.0,,$86 to 86.99,finalized,2022-10-20 15:43:35,2022-10-20
3566,98,94,797,1666280615,0.0,6,2,7,,WTI-22OCT20-B87.5,between,87.99,87.0,,$87 to 87.99,finalized,2022-10-20 15:43:35,2022-10-20
3567,72,66,1489,1666280616,0.0,34,28,30,,WTI-22OCT20-B84.5,between,84.99,84.0,,$84 to 84.99,finalized,2022-10-20 15:43:36,2022-10-20
3568,67,60,1426,1666280616,0.0,40,33,35,,WTI-22OCT20-B85.5,between,85.99,85.0,,$85 to 85.99,finalized,2022-10-20 15:43:36,2022-10-20
3569,71,66,1489,1666280617,0.0,34,29,30,,WTI-22OCT20-B84.5,between,84.99,84.0,,$84 to 84.99,finalized,2022-10-20 15:43:37,2022-10-20
3570,87,83,857,1666280617,0.0,17,13,24,,WTI-22OCT20-B86.5,between,86.99,86.0,,$86 to 86.99,finalized,2022-10-20 15:43:37,2022-10-20
3571,93,89,1141,1666280624,0.0,11,7,10,,WTI-22OCT20-B83.5,between,83.99,83.0,,$83 to 83.99,finalized,2022-10-20 15:43:44,2022-10-20
3572,71,60,1426,1666280684,0.0,40,29,35,,WTI-22OCT20-B85.5,between,85.99,85.0,,$85 to 85.99,finalized,2022-10-20 15:44:44,2022-10-20
3573,71,59,1426,1666280684,0.0,41,29,35,,WTI-22OCT20-B85.5,between,85.99,85.0,,$85 to 85.99,finalized,2022-10-20 15:44:44,2022-10-20
3574,71,61,1426,1666280684,0.0,39,29,35,,WTI-22OCT20-B85.5,between,85.99,85.0,,$85 to 85.99,finalized,2022-10-20 15:44:44,2022-10-20
3575,68,61,1426,1666280684,0.0,39,32,35,,WTI-22OCT20-B85.5,between,85.99,85.0,,$85 to 85.99,finalized,2022-10-20 15:44:44,2022-10-20
3576,66,61,1426,1666280684,0.0,39,34,35,,WTI-22OCT20-B85.5,between,85.99,85.0,,$85 to 85.99,finalized,2022-10-20 15:44:44,2022-10-20
3577,88,83,857,1666280684,0.0,17,12,24,,WTI-22OCT20-B86.5,between,86.99,86.0,,$86 to 86.99,finalized,2022-10-20 15:44:44,2022-10-20
3578,68,61,1381,1666280787,45.0,39,32,34,,WTI-22OCT20-B85.5,between,85.99,85.0,,$85 to 85.99,finalized,2022-10-20 15:46:27,2022-10-20
3579,93,88,1236,1666280797,95.0,12,7,11,,WTI-22OCT20-B83.5,between,83.99,83.0,,$83 to 83.99,finalized,2022-10-20 15:46:37,2022-10-20
3580,69,66,1489,1666280813,0.0,34,31,30,,WTI-22OCT20-B84.5,between,84.99,84.0,,$84 to 84.99,finalized,2022-10-20 15:46:53,2022-10-20
3581,68,62,1381,1666280817,0.0,38,32,34,,WTI-22OCT20-B85.5,between,85.99,85.0,,$85 to 85.99,finalized,2022-10-20 15:46:57,2022-10-20
3582,88,87,1286,1666280839,50.0,13,12,12,,WTI-22OCT20-B83.5,between,83.99,83.0,,$83 to 83.99,finalized,2022-10-20 15:47:19,2022-10-20
3583,89,83,857,1666280842,91.0,17,11,12,,WTI-22OCT20-B86.5,between,86.99,86.0,,$86 to 86.99,finalized,2022-10-20 15:47:22,2022-10-20
3584,68,61,1381,1666280847,0.0,39,32,34,,WTI-22OCT20-B85.5,between,85.99,85.0,,$85 to 85.99,finalized,2022-10-20 15:47:27,2022-10-20
3585,68,62,1381,1666280847,0.0,38,32,34,,WTI-22OCT20-B85.5,between,85.99,85.0,,$85 to 85.99,finalized,2022-10-20 15:47:27,2022-10-20
3586,93,55,1334,1666280866,48.0,45,7,13,,WTI-22OCT20-B83.5,between,83.99,83.0,,$83 to 83.99,finalized,2022-10-20 15:47:46,2022-10-20
3587,88,55,1334,1666280868,0.0,45,12,13,,WTI-22OCT20-B83.5,between,83.99,83.0,,$83 to 83.99,finalized,2022-10-20 15:47:48,2022-10-20
3588,88,76,1334,1666280868,0.0,24,12,13,,WTI-22OCT20-B83.5,between,83.99,83.0,,$83 to 83.99,finalized,2022-10-20 15:47:48,2022-10-20
3589,71,66,1489,1666280869,0.0,34,29,30,,WTI-22OCT20-B84.5,between,84.99,84.0,,$84 to 84.99,finalized,2022-10-20 15:47:49,2022-10-20
3590,89,55,857,1666280869,0.0,45,11,12,,WTI-22OCT20-B86.5,between,86.99,86.0,,$86 to 86.99,finalized,2022-10-20 15:47:49,2022-10-20
3591,100,66,1489,1666280870,0.0,34,0,30,,WTI-22OCT20-B84.5,between,84.99,84.0,,$84 to 84.99,finalized,2022-10-20 15:47:50,2022-10-20
3592,98,93,797,1666280870,0.0,7,2,7,,WTI-22OCT20-B87.5,between,87.99,87.0,,$87 to 87.99,finalized,2022-10-20 15:47:50,2022-10-20
3593,100,62,1489,1666280871,0.0,38,0,30,,WTI-22OCT20-B84.5,between,84.99,84.0,,$84 to 84.99,finalized,2022-10-20 15:47:51,2022-10-20
3594,100,55,1489,1666280871,0.0,45,0,30,,WTI-22OCT20-B84.5,between,84.99,84.0,,$84 to 84.99,finalized,2022-10-20 15:47:51,2022-10-20
3595,99,93,797,1666280871,0.0,7,1,7,,WTI-22OCT20-B87.5,between,87.99,87.0,,$87 to 87.99,finalized,2022-10-20 15:47:51,2022-10-20
3596,99,92,797,1666280871,0.0,8,1,7,,WTI-22OCT20-B87.5,between,87.99,87.0,,$87 to 87.99,finalized,2022-10-20 15:47:51,2022-10-20
3597,100,92,797,1666280871,0.0,8,0,7,,WTI-22OCT20-B87.5,between,87.99,87.0,,$87 to 87.99,finalized,2022-10-20 15:47:51,2022-10-20
3598,100,55,797,1666280871,0.0,45,0,7,,WTI-22OCT20-B87.5,between,87.99,87.0,,$87 to 87.99,finalized,2022-10-20 15:47:51,2022-10-20
3599,68,55,1489,1666280872,0.0,45,32,30,,WTI-22OCT20-B84.5,between,84.99,84.0,,$84 to 84.99,finalized,2022-10-20 15:47:52,2022-10-20
3600,68,61,1381,1666280872,0.0,39,32,34,,WTI-22OCT20-B85.5,between,85.99,85.0,,$85 to 85.99,finalized,2022-10-20 15:47:52,2022-10-20
3601,100,61,1381,1666280872,0.0,39,0,34,,WTI-22OCT20-B85.5,between,85.99,85.0,,$85 to 85.99,finalized,2022-10-20 15:47:52,2022-10-20
3602,100,59,1381,1666280872,0.0,41,0,34,,WTI-22OCT20-B85.5,between,85.99,85.0,,$85 to 85.99,finalized,2022-10-20 15:47:52,2022-10-20
3603,76,59,1381,1666280876,0.0,41,24,34,,WTI-22OCT20-B85.5,between,85.99,85.0,,$85 to 85.99,finalized,2022-10-20 15:47:56,2022-10-20
3604,76,63,1381,1666280876,0.0,37,24,34,,WTI-22OCT20-B85.5,between,85.99,85.0,,$85 to 85.99,finalized,2022-10-20 15:47:56,2022-10-20
3605,68,59,1489,1666280879,0.0,41,32,30,,WTI-22OCT20-B84.5,between,84.99,84.0,,$84 to 84.99,finalized,2022-10-20 15:47:59,2022-10-20
3606,100,89,862,1666280895,5.0,11,0,11,,WTI-22OCT20-B86.5,between,86.99,86.0,,$86 to 86.99,finalized,2022-10-20 15:48:15,2022-10-20
3607,86,55,1334,1666280898,0.0,45,14,13,,WTI-22OCT20-B83.5,between,83.99,83.0,,$83 to 83.99,finalized,2022-10-20 15:48:18,2022-10-20
3608,86,74,1334,1666280898,0.0,26,14,13,,WTI-22OCT20-B83.5,between,83.99,83.0,,$83 to 83.99,finalized,2022-10-20 15:48:18,2022-10-20
3609,67,59,1489,1666280902,0.0,41,33,30,,WTI-22OCT20-B84.5,between,84.99,84.0,,$84 to 84.99,finalized,2022-10-20 15:48:22,2022-10-20
3610,79,59,1381,1666280906,0.0,41,21,34,,WTI-22OCT20-B85.5,between,85.99,85.0,,$85 to 85.99,finalized,2022-10-20 15:48:26,2022-10-20
3611,79,66,1381,1666280906,0.0,34,21,34,,WTI-22OCT20-B85.5,between,85.99,85.0,,$85 to 85.99,finalized,2022-10-20 15:48:26,2022-10-20
3612,97,55,862,1666280910,0.0,45,3,11,,WTI-22OCT20-B86.5,between,86.99,86.0,,$86 to 86.99,finalized,2022-10-20 15:48:30,2022-10-20
3613,84,55,1334,1666280928,0.0,45,16,13,,WTI-22OCT20-B83.5,between,83.99,83.0,,$83 to 83.99,finalized,2022-10-20 15:48:48,2022-10-20
3614,84,72,1334,1666280928,0.0,28,16,13,,WTI-22OCT20-B83.5,between,83.99,83.0,,$83 to 83.99,finalized,2022-10-20 15:48:48,2022-10-20
3615,79,59,1381,1666280936,0.0,41,21,34,,WTI-22OCT20-B85.5,between,85.99,85.0,,$85 to 85.99,finalized,2022-10-20 15:48:56,2022-10-20
3616,79,66,1381,1666280937,0.0,34,21,34,,WTI-22OCT20-B85.5,between,85.99,85.0,,$85 to 85.99,finalized,2022-10-20 15:48:57,2022-10-20
3617,84,55,1334,1666280958,0.0,45,16,13,,WTI-22OCT20-B83.5,between,83.99,83.0,,$83 to 83.99,finalized,2022-10-20 15:49:18,2022-10-20
3618,84,72,1334,1666280959,0.0,28,16,13,,WTI-22OCT20-B83.5,between,83.99,83.0,,$83 to 83.99,finalized,2022-10-20 15:49:19,2022-10-20
3619,80,59,1381,1666280967,0.0,41,20,34,,WTI-22OCT20-B85.5,between,85.99,85.0,,$85 to 85.99,finalized,2022-10-20 15:49:27,2022-10-20
3620,80,67,1381,1666280967,0.0,33,20,34,,WTI-22OCT20-B85.5,between,85.99,85.0,,$85 to 85.99,finalized,2022-10-20 15:49:27,2022-10-20
3621,96,55,106,1666280979,0.0,45,4,4,,WTI-22OCT20-B82.5,between,82.99,82.0,,$82 to 82.99,finalized,2022-10-20 15:49:39,2022-10-20
3622,96,55,121,1666280983,0.0,45,4,5,,WTI-22OCT20-T82,less,81.99,,,$81.99 or lower,finalized,2022-10-20 15:49:43,2022-10-20
3623,87,55,1334,1666280989,0.0,45,13,13,,WTI-22OCT20-B83.5,between,83.99,83.0,,$83 to 83.99,finalized,2022-10-20 15:49:49,2022-10-20
3624,87,75,1334,1666280989,0.0,25,13,13,,WTI-22OCT20-B83.5,between,83.99,83.0,,$83 to 83.99,finalized,2022-10-20 15:49:49,2022-10-20
3625,68,59,1489,1666280993,0.0,41,32,30,,WTI-22OCT20-B84.5,between,84.99,84.0,,$84 to 84.99,finalized,2022-10-20 15:49:53,2022-10-20
3626,76,59,1381,1666280997,0.0,41,24,34,,WTI-22OCT20-B85.5,between,85.99,85.0,,$85 to 85.99,finalized,2022-10-20 15:49:57,2022-10-20
3627,76,63,1381,1666280997,0.0,37,24,34,,WTI-22OCT20-B85.5,between,85.99,85.0,,$85 to 85.99,finalized,2022-10-20 15:49:57,2022-10-20
3628,88,55,1334,1666281020,0.0,45,12,13,,WTI-22OCT20-B83.5,between,83.99,83.0,,$83 to 83.99,finalized,2022-10-20 15:50:20,2022-10-20
3629,88,77,1334,1666281020,0.0,23,12,13,,WTI-22OCT20-B83.5,between,83.99,83.0,,$83 to 83.99,finalized,2022-10-20 15:50:20,2022-10-20
3630,74,59,1381,1666281028,0.0,41,26,34,,WTI-22OCT20-B85.5,between,85.99,85.0,,$85 to 85.99,finalized,2022-10-20 15:50:28,2022-10-20
3631,74,61,1381,1666281028,0.0,39,26,34,,WTI-22OCT20-B85.5,between,85.99,85.0,,$85 to 85.99,finalized,2022-10-20 15:50:28,2022-10-20
3632,96,55,862,1666281032,0.0,45,4,11,,WTI-22OCT20-B86.5,between,86.99,86.0,,$86 to 86.99,finalized,2022-10-20 15:50:32,2022-10-20
3633,89,55,1334,1666281050,0.0,45,11,13,,WTI-22OCT20-B83.5,between,83.99,83.0,,$83 to 83.99,finalized,2022-10-20 15:50:50,2022-10-20
3634,89,78,1334,1666281050,0.0,22,11,13,,WTI-22OCT20-B83.5,between,83.99,83.0,,$83 to 83.99,finalized,2022-10-20 15:50:50,2022-10-20
3635,69,59,1489,1666281054,0.0,41,31,30,,WTI-22OCT20-B84.5,between,84.99,84.0,,$84 to 84.99,finalized,2022-10-20 15:50:54,2022-10-20
3636,73,59,1381,1666281059,0.0,41,27,34,,WTI-22OCT20-B85.5,between,85.99,85.0,,$85 to 85.99,finalized,2022-10-20 15:50:59,2022-10-20
3637,73,60,1381,1666281059,0.0,40,27,34,,WTI-22OCT20-B85.5,between,85.99,85.0,,$85 to 85.99,finalized,2022-10-20 15:50:59,2022-10-20
3638,95,55,862,1666281063,0.0,45,5,11,,WTI-22OCT20-B86.5,between,86.99,86.0,,$86 to 86.99,finalized,2022-10-20 15:51:03,2022-10-20
3639,92,75,1334,1666281065,0.0,25,8,13,,WTI-22OCT20-B83.5,between,83.99,83.0,,$83 to 83.99,finalized,2022-10-20 15:51:05,2022-10-20
3640,72,59,1489,1666281084,0.0,41,28,30,,WTI-22OCT20-B84.5,between,84.99,84.0,,$84 to 84.99,finalized,2022-10-20 15:51:24,2022-10-20
3641,71,59,1381,1666281089,0.0,41,29,34,,WTI-22OCT20-B85.5,between,85.99,85.0,,$85 to 85.99,finalized,2022-10-20 15:51:29,2022-10-20
3642,94,55,862,1666281093,0.0,45,6,11,,WTI-22OCT20-B86.5,between,86.99,86.0,,$86 to 86.99,finalized,2022-10-20 15:51:33,2022-10-20
3643,93,75,1334,1666281104,0.0,25,7,13,,WTI-22OCT20-B83.5,between,83.99,83.0,,$83 to 83.99,finalized,2022-10-20 15:51:44,2022-10-20
3644,70,59,1489,1666281114,0.0,41,30,30,,WTI-22OCT20-B84.5,between,84.99,84.0,,$84 to 84.99,finalized,2022-10-20 15:51:54,2022-10-20
3645,72,59,1381,1666281118,0.0,41,28,34,,WTI-22OCT20-B85.5,between,85.99,85.0,,$85 to 85.99,finalized,2022-10-20 15:51:58,2022-10-20
3646,95,55,862,1666281122,0.0,45,5,11,,WTI-22OCT20-B86.5,between,86.99,86.0,,$86 to 86.99,finalized,2022-10-20 15:52:02,2022-10-20
3647,94,55,862,1666281151,0.0,45,6,11,,WTI-22OCT20-B86.5,between,86.99,86.0,,$86 to 86.99,finalized,2022-10-20 15:52:31,2022-10-20
3648,95,55,862,1666281179,0.0,45,5,11,,WTI-22OCT20-B86.5,between,86.99,86.0,,$86 to 86.99,finalized,2022-10-20 15:52:59,2022-10-20
3649,100,60,1381,1666281199,0.0,40,0,34,,WTI-22OCT20-B85.5,between,85.99,85.0,,$85 to 85.99,finalized,2022-10-20 15:53:19,2022-10-20
3650,72,60,1381,1666281204,0.0,40,28,34,,WTI-22OCT20-B85.5,between,85.99,85.0,,$85 to 85.99,finalized,2022-10-20 15:53:24,2022-10-20
3651,100,60,1489,1666281214,0.0,40,0,30,,WTI-22OCT20-B84.5,between,84.99,84.0,,$84 to 84.99,finalized,2022-10-20 15:53:34,2022-10-20
3652,70,60,1489,1666281228,0.0,40,30,30,,WTI-22OCT20-B84.5,between,84.99,84.0,,$84 to 84.99,finalized,2022-10-20 15:53:48,2022-10-20
3653,71,60,1381,1666281232,0.0,40,29,34,,WTI-22OCT20-B85.5,between,85.99,85.0,,$85 to 85.99,finalized,2022-10-20 15:53:52,2022-10-20
3654,70,59,1600,1666281236,111.0,41,30,40,,WTI-22OCT20-B84.5,between,84.99,84.0,,$84 to 84.99,finalized,2022-10-20 15:53:56,2022-10-20
3655,94,55,862,1666281236,0.0,45,6,11,,WTI-22OCT20-B86.5,between,86.99,86.0,,$86 to 86.99,finalized,2022-10-20 15:53:56,2022-10-20
3656,71,59,1600,1666281257,0.0,41,29,40,,WTI-22OCT20-B84.5,between,84.99,84.0,,$84 to 84.99,finalized,2022-10-20 15:54:17,2022-10-20
3657,93,80,1334,1666281258,0.0,20,7,13,,WTI-22OCT20-B83.5,between,83.99,83.0,,$83 to 83.99,finalized,2022-10-20 15:54:18,2022-10-20
3658,71,58,1600,1666281262,25.0,42,29,41,,WTI-22OCT20-B84.5,between,84.99,84.0,,$84 to 84.99,finalized,2022-10-20 15:54:22,2022-10-20
3659,96,90,106,1666281278,0.0,10,4,4,,WTI-22OCT20-B82.5,between,82.99,82.0,,$82 to 82.99,finalized,2022-10-20 15:54:38,2022-10-20
3660,71,55,1600,1666281285,0.0,45,29,41,,WTI-22OCT20-B84.5,between,84.99,84.0,,$84 to 84.99,finalized,2022-10-20 15:54:45,2022-10-20
3661,71,58,1600,1666281285,0.0,42,29,41,,WTI-22OCT20-B84.5,between,84.99,84.0,,$84 to 84.99,finalized,2022-10-20 15:54:45,2022-10-20
3662,70,60,1381,1666281289,0.0,40,30,34,,WTI-22OCT20-B85.5,between,85.99,85.0,,$85 to 85.99,finalized,2022-10-20 15:54:49,2022-10-20
3663,96,55,232,1666281291,111.0,45,4,4,,WTI-22OCT20-T82,less,81.99,,,$81.99 or lower,finalized,2022-10-20 15:54:51,2022-10-20
3664,100,55,232,1666281306,0.0,45,0,4,,WTI-22OCT20-T82,less,81.99,,,$81.99 or lower,finalized,2022-10-20 15:55:06,2022-10-20
3665,100,90,106,1666281313,0.0,10,0,4,,WTI-22OCT20-B82.5,between,82.99,82.0,,$82 to 82.99,finalized,2022-10-20 15:55:13,2022-10-20
3666,70,55,1600,1666281313,0.0,45,30,41,,WTI-22OCT20-B84.5,between,84.99,84.0,,$84 to 84.99,finalized,2022-10-20 15:55:13,2022-10-20
3667,70,57,1600,1666281313,0.0,43,30,41,,WTI-22OCT20-B84.5,between,84.99,84.0,,$84 to 84.99,finalized,2022-10-20 15:55:13,2022-10-20
3668,72,60,1381,1666281317,0.0,40,28,34,,WTI-22OCT20-B85.5,between,85.99,85.0,,$85 to 85.99,finalized,2022-10-20 15:55:17,2022-10-20
3669,95,55,862,1666281321,0.0,45,5,11,,WTI-22OCT20-B86.5,between,86.99,86.0,,$86 to 86.99,finalized,2022-10-20 15:55:21,2022-10-20
3670,70,55,1600,1666281342,0.0,45,30,41,,WTI-22OCT20-B84.5,between,84.99,84.0,,$84 to 84.99,finalized,2022-10-20 15:55:42,2022-10-20
3671,70,57,1600,1666281342,0.0,43,30,41,,WTI-22OCT20-B84.5,between,84.99,84.0,,$84 to 84.99,finalized,2022-10-20 15:55:42,2022-10-20
3672,71,60,1381,1666281346,0.0,40,29,34,,WTI-22OCT20-B85.5,between,85.99,85.0,,$85 to 85.99,finalized,2022-10-20 15:55:46,2022-10-20
3673,71,60,1381,1666281355,111.0,40,29,29,,WTI-22OCT20-B85.5,between,85.99,85.0,,$85 to 85.99,finalized,2022-10-20 15:55:55,2022-10-20
3674,70,55,1600,1666281372,0.0,45,30,41,,WTI-22OCT20-B84.5,between,84.99,84.0,,$84 to 84.99,finalized,2022-10-20 15:56:12,2022-10-20
3675,70,57,1600,1666281372,0.0,43,30,41,,WTI-22OCT20-B84.5,between,84.99,84.0,,$84 to 84.99,finalized,2022-10-20 15:56:12,2022-10-20
3676,72,60,1381,1666281376,0.0,40,28,29,,WTI-22OCT20-B85.5,between,85.99,85.0,,$85 to 85.99,finalized,2022-10-20 15:56:16,2022-10-20
3677,72,59,1381,1666281381,0.0,41,28,29,,WTI-22OCT20-B85.5,between,85.99,85.0,,$85 to 85.99,finalized,2022-10-20 15:56:21,2022-10-20
3678,70,55,1600,1666281400,0.0,45,30,41,,WTI-22OCT20-B84.5,between,84.99,84.0,,$84 to 84.99,finalized,2022-10-20 15:56:40,2022-10-20
3679,70,57,1600,1666281400,0.0,43,30,41,,WTI-22OCT20-B84.5,between,84.99,84.0,,$84 to 84.99,finalized,2022-10-20 15:56:40,2022-10-20
3680,71,59,1381,1666281404,0.0,41,29,29,,WTI-22OCT20-B85.5,between,85.99,85.0,,$85 to 85.99,finalized,2022-10-20 15:56:44,2022-10-20
3681,94,55,862,1666281408,0.0,45,6,11,,WTI-22OCT20-B86.5,between,86.99,86.0,,$86 to 86.99,finalized,2022-10-20 15:56:48,2022-10-20
3682,94,90,862,1666281412,0.0,10,6,11,,WTI-22OCT20-B86.5,between,86.99,86.0,,$86 to 86.99,finalized,2022-10-20 15:56:52,2022-10-20
3683,70,55,1600,1666281428,0.0,45,30,41,,WTI-22OCT20-B84.5,between,84.99,84.0,,$84 to 84.99,finalized,2022-10-20 15:57:08,2022-10-20
3684,70,57,1600,1666281428,0.0,43,30,41,,WTI-22OCT20-B84.5,between,84.99,84.0,,$84 to 84.99,finalized,2022-10-20 15:57:08,2022-10-20
3685,71,55,1600,1666281456,0.0,45,29,41,,WTI-22OCT20-B84.5,between,84.99,84.0,,$84 to 84.99,finalized,2022-10-20 15:57:36,2022-10-20
3686,71,58,1600,1666281456,0.0,42,29,41,,WTI-22OCT20-B84.5,between,84.99,84.0,,$84 to 84.99,finalized,2022-10-20 15:57:36,2022-10-20
3687,95,90,862,1666281464,0.0,10,5,11,,WTI-22OCT20-B86.5,between,86.99,86.0,,$86 to 86.99,finalized,2022-10-20 15:57:44,2022-10-20
3688,95,55,862,1666281467,0.0,45,5,11,,WTI-22OCT20-B86.5,between,86.99,86.0,,$86 to 86.99,finalized,2022-10-20 15:57:47,2022-10-20
3689,95,94,862,1666281477,0.0,6,5,11,,WTI-22OCT20-B86.5,between,86.99,86.0,,$86 to 86.99,finalized,2022-10-20 15:57:57,2022-10-20
3690,88,80,1334,1666281483,0.0,20,12,13,,WTI-22OCT20-B83.5,between,83.99,83.0,,$83 to 83.99,finalized,2022-10-20 15:58:03,2022-10-20
3691,68,55,1600,1666281487,0.0,45,32,41,,WTI-22OCT20-B84.5,between,84.99,84.0,,$84 to 84.99,finalized,2022-10-20 15:58:07,2022-10-20
3692,75,59,1381,1666281491,0.0,41,25,29,,WTI-22OCT20-B85.5,between,85.99,85.0,,$85 to 85.99,finalized,2022-10-20 15:58:11,2022-10-20
3693,75,62,1381,1666281491,0.0,38,25,29,,WTI-22OCT20-B85.5,between,85.99,85.0,,$85 to 85.99,finalized,2022-10-20 15:58:11,2022-10-20
3694,96,94,862,1666281495,0.0,6,4,11,,WTI-22OCT20-B86.5,between,86.99,86.0,,$86 to 86.99,finalized,2022-10-20 15:58:15,2022-10-20
3695,93,80,1334,1666281513,0.0,20,7,13,,WTI-22OCT20-B83.5,between,83.99,83.0,,$83 to 83.99,finalized,2022-10-20 15:58:33,2022-10-20
3696,69,55,1600,1666281516,0.0,45,31,41,,WTI-22OCT20-B84.5,between,84.99,84.0,,$84 to 84.99,finalized,2022-10-20 15:58:36,2022-10-20
3697,69,56,1600,1666281516,0.0,44,31,41,,WTI-22OCT20-B84.5,between,84.99,84.0,,$84 to 84.99,finalized,2022-10-20 15:58:36,2022-10-20
3698,72,59,1381,1666281520,0.0,41,28,29,,WTI-22OCT20-B85.5,between,85.99,85.0,,$85 to 85.99,finalized,2022-10-20 15:58:40,2022-10-20
3699,95,94,862,1666281524,1272.0,6,5,11,,WTI-22OCT20-B86.5,between,86.99,86.0,,$86 to 86.99,finalized,2022-10-20 15:58:44,2022-10-20
3700,69,55,1600,1666281544,0.0,45,31,41,,WTI-22OCT20-B84.5,between,84.99,84.0,,$84 to 84.99,finalized,2022-10-20 15:59:04,2022-10-20
3701,69,56,1600,1666281544,0.0,44,31,41,,WTI-22OCT20-B84.5,between,84.99,84.0,,$84 to 84.99,finalized,2022-10-20 15:59:04,2022-10-20
3702,73,59,1381,1666281548,0.0,41,27,29,,WTI-22OCT20-B85.5,between,85.99,85.0,,$85 to 85.99,finalized,2022-10-20 15:59:08,2022-10-20
3703,73,60,1381,1666281548,0.0,40,27,29,,WTI-22OCT20-B85.5,between,85.99,85.0,,$85 to 85.99,finalized,2022-10-20 15:59:08,2022-10-20
3704,100,95,862,1666281552,0.0,5,0,11,,WTI-22OCT20-B86.5,between,86.99,86.0,,$86 to 86.99,finalized,2022-10-20 15:59:12,2022-10-20
3705,96,95,862,1666281552,0.0,5,4,11,,WTI-22OCT20-B86.5,between,86.99,86.0,,$86 to 86.99,finalized,2022-10-20 15:59:12,2022-10-20
3706,89,80,1334,1666281570,0.0,20,11,13,,WTI-22OCT20-B83.5,between,83.99,83.0,,$83 to 83.99,finalized,2022-10-20 15:59:30,2022-10-20
3707,68,55,1600,1666281574,0.0,45,32,41,,WTI-22OCT20-B84.5,between,84.99,84.0,,$84 to 84.99,finalized,2022-10-20 15:59:34,2022-10-20
3708,74,59,1381,1666281578,0.0,41,26,29,,WTI-22OCT20-B85.5,between,85.99,85.0,,$85 to 85.99,finalized,2022-10-20 15:59:38,2022-10-20
3709,74,61,1381,1666281578,0.0,39,26,29,,WTI-22OCT20-B85.5,between,85.99,85.0,,$85 to 85.99,finalized,2022-10-20 15:59:38,2022-10-20
3710,75,59,1381,1666281609,0.0,41,25,29,,WTI-22OCT20-B85.5,between,85.99,85.0,,$85 to 85.99,finalized,2022-10-20 16:00:09,2022-10-20
3711,75,62,1381,1666281609,0.0,38,25,29,,WTI-22OCT20-B85.5,between,85.99,85.0,,$85 to 85.99,finalized,2022-10-20 16:00:09,2022-10-20
3712,87,80,1334,1666281632,0.0,20,13,13,,WTI-22OCT20-B83.5,between,83.99,83.0,,$83 to 83.99,finalized,2022-10-20 16:00:32,2022-10-20
3713,66,55,1600,1666281636,0.0,45,34,41,,WTI-22OCT20-B84.5,between,84.99,84.0,,$84 to 84.99,finalized,2022-10-20 16:00:36,2022-10-20
3714,77,59,1381,1666281640,0.0,41,23,29,,WTI-22OCT20-B85.5,between,85.99,85.0,,$85 to 85.99,finalized,2022-10-20 16:00:40,2022-10-20
3715,77,64,1381,1666281640,0.0,36,23,29,,WTI-22OCT20-B85.5,between,85.99,85.0,,$85 to 85.99,finalized,2022-10-20 16:00:40,2022-10-20
3716,97,95,862,1666281644,0.0,5,3,11,,WTI-22OCT20-B86.5,between,86.99,86.0,,$86 to 86.99,finalized,2022-10-20 16:00:44,2022-10-20
3717,97,55,862,1666281661,0.0,45,3,11,,WTI-22OCT20-B86.5,between,86.99,86.0,,$86 to 86.99,finalized,2022-10-20 16:01:01,2022-10-20
3718,84,80,1334,1666281665,0.0,20,16,13,,WTI-22OCT20-B83.5,between,83.99,83.0,,$83 to 83.99,finalized,2022-10-20 16:01:05,2022-10-20
3719,65,55,1600,1666281669,0.0,45,35,41,,WTI-22OCT20-B84.5,between,84.99,84.0,,$84 to 84.99,finalized,2022-10-20 16:01:09,2022-10-20
3720,84,59,1381,1666281674,0.0,41,16,29,,WTI-22OCT20-B85.5,between,85.99,85.0,,$85 to 85.99,finalized,2022-10-20 16:01:14,2022-10-20
3721,84,71,1381,1666281675,0.0,29,16,29,,WTI-22OCT20-B85.5,between,85.99,85.0,,$85 to 85.99,finalized,2022-10-20 16:01:15,2022-10-20
3722,100,95,106,1666281689,0.0,5,0,4,,WTI-22OCT20-B82.5,between,82.99,82.0,,$82 to 82.99,finalized,2022-10-20 16:01:29,2022-10-20
3723,74,71,1381,1666281689,0.0,29,26,29,,WTI-22OCT20-B85.5,between,85.99,85.0,,$85 to 85.99,finalized,2022-10-20 16:01:29,2022-10-20
3724,95,55,862,1666281689,0.0,45,5,11,,WTI-22OCT20-B86.5,between,86.99,86.0,,$86 to 86.99,finalized,2022-10-20 16:01:29,2022-10-20
3725,93,55,862,1666281689,0.0,45,7,11,,WTI-22OCT20-B86.5,between,86.99,86.0,,$86 to 86.99,finalized,2022-10-20 16:01:29,2022-10-20
3726,93,90,862,1666281689,0.0,10,7,11,,WTI-22OCT20-B86.5,between,86.99,86.0,,$86 to 86.99,finalized,2022-10-20 16:01:29,2022-10-20
3727,100,96,797,1666281689,0.0,4,0,7,,WTI-22OCT20-B87.5,between,87.99,87.0,,$87 to 87.99,finalized,2022-10-20 16:01:29,2022-10-20
3728,100,96,106,1666281690,0.0,4,0,4,,WTI-22OCT20-B82.5,between,82.99,82.0,,$82 to 82.99,finalized,2022-10-20 16:01:30,2022-10-20
3729,92,80,1334,1666281690,0.0,20,8,13,,WTI-22OCT20-B83.5,between,83.99,83.0,,$83 to 83.99,finalized,2022-10-20 16:01:30,2022-10-20
3730,92,82,1334,1666281690,0.0,18,8,13,,WTI-22OCT20-B83.5,between,83.99,83.0,,$83 to 83.99,finalized,2022-10-20 16:01:30,2022-10-20
3731,91,82,1334,1666281690,0.0,18,9,13,,WTI-22OCT20-B83.5,between,83.99,83.0,,$83 to 83.99,finalized,2022-10-20 16:01:30,2022-10-20
3732,90,82,1334,1666281690,1527.0,18,10,13,,WTI-22OCT20-B83.5,between,83.99,83.0,,$83 to 83.99,finalized,2022-10-20 16:01:30,2022-10-20
3733,90,86,1334,1666281690,0.0,14,10,13,,WTI-22OCT20-B83.5,between,83.99,83.0,,$83 to 83.99,finalized,2022-10-20 16:01:30,2022-10-20
3734,72,71,1381,1666281690,0.0,29,28,29,,WTI-22OCT20-B85.5,between,85.99,85.0,,$85 to 85.99,finalized,2022-10-20 16:01:30,2022-10-20
3735,99,96,797,1666281690,0.0,4,1,7,,WTI-22OCT20-B87.5,between,87.99,87.0,,$87 to 87.99,finalized,2022-10-20 16:01:30,2022-10-20
3736,61,55,1600,1666281691,0.0,45,39,41,,WTI-22OCT20-B84.5,between,84.99,84.0,,$84 to 84.99,finalized,2022-10-20 16:01:31,2022-10-20
3737,90,84,1402,1666281698,68.0,16,10,14,,WTI-22OCT20-B83.5,between,83.99,83.0,,$83 to 83.99,finalized,2022-10-20 16:01:38,2022-10-20
3738,72,67,1371,1666281703,10.0,33,28,28,,WTI-22OCT20-B85.5,between,85.99,85.0,,$85 to 85.99,finalized,2022-10-20 16:01:43,2022-10-20
3739,74,67,1371,1666281705,53.0,33,26,28,,WTI-22OCT20-B85.5,between,85.99,85.0,,$85 to 85.99,finalized,2022-10-20 16:01:45,2022-10-20
3740,74,72,1371,1666281705,0.0,28,26,28,,WTI-22OCT20-B85.5,between,85.99,85.0,,$85 to 85.99,finalized,2022-10-20 16:01:45,2022-10-20
3741,90,82,1490,1666281707,88.0,18,10,16,,WTI-22OCT20-B83.5,between,83.99,83.0,,$83 to 83.99,finalized,2022-10-20 16:01:47,2022-10-20
3742,74,72,1361,1666281711,10.0,28,26,26,,WTI-22OCT20-B85.5,between,85.99,85.0,,$85 to 85.99,finalized,2022-10-20 16:01:51,2022-10-20
3743,90,82,1500,1666281715,10.0,18,10,18,,WTI-22OCT20-B83.5,between,83.99,83.0,,$83 to 83.99,finalized,2022-10-20 16:01:55,2022-10-20
3744,93,91,862,1666281717,0.0,9,7,11,,WTI-22OCT20-B86.5,between,86.99,86.0,,$86 to 86.99,finalized,2022-10-20 16:01:57,2022-10-20
3745,74,72,1351,1666281718,10.0,28,26,26,,WTI-22OCT20-B85.5,between,85.99,85.0,,$85 to 85.99,finalized,2022-10-20 16:01:58,2022-10-20
3746,90,82,1510,1666281722,10.0,18,10,18,,WTI-22OCT20-B83.5,between,83.99,83.0,,$83 to 83.99,finalized,2022-10-20 16:02:02,2022-10-20
3747,90,80,1568,1666281723,58.0,20,10,18,,WTI-22OCT20-B83.5,between,83.99,83.0,,$83 to 83.99,finalized,2022-10-20 16:02:03,2022-10-20
3748,74,67,1341,1666281726,10.0,33,26,26,,WTI-22OCT20-B85.5,between,85.99,85.0,,$85 to 85.99,finalized,2022-10-20 16:02:06,2022-10-20
3749,76,67,1310,1666281726,31.0,33,24,26,,WTI-22OCT20-B85.5,between,85.99,85.0,,$85 to 85.99,finalized,2022-10-20 16:02:06,2022-10-20
3750,90,75,1679,1666281728,111.0,25,10,20,,WTI-22OCT20-B83.5,between,83.99,83.0,,$83 to 83.99,finalized,2022-10-20 16:02:08,2022-10-20
3751,79,75,1679,1666281728,0.0,25,21,20,,WTI-22OCT20-B83.5,between,83.99,83.0,,$83 to 83.99,finalized,2022-10-20 16:02:08,2022-10-20
3752,75,66,1679,1666281730,5.0,34,25,25,,WTI-22OCT20-B83.5,between,83.99,83.0,,$83 to 83.99,finalized,2022-10-20 16:02:10,2022-10-20
3753,76,67,1300,1666281733,10.0,33,24,24,,WTI-22OCT20-B85.5,between,85.99,85.0,,$85 to 85.99,finalized,2022-10-20 16:02:13,2022-10-20
3754,93,91,862,1666281733,10.0,9,7,7,,WTI-22OCT20-B86.5,between,86.99,86.0,,$86 to 86.99,finalized,2022-10-20 16:02:13,2022-10-20
3755,76,73,1300,1666281736,0.0,27,24,24,,WTI-22OCT20-B85.5,between,85.99,85.0,,$85 to 85.99,finalized,2022-10-20 16:02:16,2022-10-20
3756,63,55,1544,1666281740,56.0,45,37,39,,WTI-22OCT20-B84.5,between,84.99,84.0,,$84 to 84.99,finalized,2022-10-20 16:02:20,2022-10-20
3757,76,73,1290,1666281740,10.0,27,24,24,,WTI-22OCT20-B85.5,between,85.99,85.0,,$85 to 85.99,finalized,2022-10-20 16:02:20,2022-10-20
3758,93,91,862,1666281740,10.0,9,7,7,,WTI-22OCT20-B86.5,between,86.99,86.0,,$86 to 86.99,finalized,2022-10-20 16:02:20,2022-10-20
3759,76,73,1280,1666281748,10.0,27,24,24,,WTI-22OCT20-B85.5,between,85.99,85.0,,$85 to 85.99,finalized,2022-10-20 16:02:28,2022-10-20
3760,93,91,862,1666281748,10.0,9,7,7,,WTI-22OCT20-B86.5,between,86.99,86.0,,$86 to 86.99,finalized,2022-10-20 16:02:28,2022-10-20
3761,76,67,1270,1666281755,10.0,33,24,24,,WTI-22OCT20-B85.5,between,85.99,85.0,,$85 to 85.99,finalized,2022-10-20 16:02:35,2022-10-20
3762,93,91,862,1666281755,10.0,9,7,7,,WTI-22OCT20-B86.5,between,86.99,86.0,,$86 to 86.99,finalized,2022-10-20 16:02:35,2022-10-20
3763,97,96,106,1666281756,0.0,4,3,4,,WTI-22OCT20-B82.5,between,82.99,82.0,,$82 to 82.99,finalized,2022-10-20 16:02:36,2022-10-20
3764,78,55,1679,1666281758,0.0,45,22,25,,WTI-22OCT20-B83.5,between,83.99,83.0,,$83 to 83.99,finalized,2022-10-20 16:02:38,2022-10-20
3765,78,65,1679,1666281759,0.0,35,22,25,,WTI-22OCT20-B83.5,between,83.99,83.0,,$83 to 83.99,finalized,2022-10-20 16:02:39,2022-10-20
3766,94,91,862,1666281759,14.0,9,6,7,,WTI-22OCT20-B86.5,between,86.99,86.0,,$86 to 86.99,finalized,2022-10-20 16:02:39,2022-10-20
3767,76,67,1260,1666281762,10.0,33,24,24,,WTI-22OCT20-B85.5,between,85.99,85.0,,$85 to 85.99,finalized,2022-10-20 16:02:42,2022-10-20
3768,97,94,394,1666281763,288.0,6,3,5,,WTI-22OCT20-B82.5,between,82.99,82.0,,$82 to 82.99,finalized,2022-10-20 16:02:43,2022-10-20
3769,100,67,1260,1666281763,0.0,33,0,24,,WTI-22OCT20-B85.5,between,85.99,85.0,,$85 to 85.99,finalized,2022-10-20 16:02:43,2022-10-20
3770,75,67,1260,1666281763,0.0,33,25,24,,WTI-22OCT20-B85.5,between,85.99,85.0,,$85 to 85.99,finalized,2022-10-20 16:02:43,2022-10-20
3771,75,59,1260,1666281763,0.0,41,25,24,,WTI-22OCT20-B85.5,between,85.99,85.0,,$85 to 85.99,finalized,2022-10-20 16:02:43,2022-10-20
3772,95,91,862,1666281763,0.0,9,5,7,,WTI-22OCT20-B86.5,between,86.99,86.0,,$86 to 86.99,finalized,2022-10-20 16:02:43,2022-10-20
3773,100,96,797,1666281764,0.0,4,0,7,,WTI-22OCT20-B87.5,between,87.99,87.0,,$87 to 87.99,finalized,2022-10-20 16:02:44,2022-10-20
3774,78,65,1748,1666281765,69.0,35,22,22,,WTI-22OCT20-B83.5,between,83.99,83.0,,$83 to 83.99,finalized,2022-10-20 16:02:45,2022-10-20
3775,78,65,1823,1666281765,75.0,35,22,22,,WTI-22OCT20-B83.5,between,83.99,83.0,,$83 to 83.99,finalized,2022-10-20 16:02:45,2022-10-20
3776,78,65,1892,1666281765,69.0,35,22,22,,WTI-22OCT20-B83.5,between,83.99,83.0,,$83 to 83.99,finalized,2022-10-20 16:02:45,2022-10-20
3777,75,70,1260,1666281765,0.0,30,25,24,,WTI-22OCT20-B85.5,between,85.99,85.0,,$85 to 85.99,finalized,2022-10-20 16:02:45,2022-10-20
3778,59,55,1544,1666281766,0.0,45,41,39,,WTI-22OCT20-B84.5,between,84.99,84.0,,$84 to 84.99,finalized,2022-10-20 16:02:46,2022-10-20
3779,75,70,1257,1666281767,3.0,30,25,25,,WTI-22OCT20-B85.5,between,85.99,85.0,,$85 to 85.99,finalized,2022-10-20 16:02:47,2022-10-20
3780,75,74,1257,1666281767,0.0,26,25,25,,WTI-22OCT20-B85.5,between,85.99,85.0,,$85 to 85.99,finalized,2022-10-20 16:02:47,2022-10-20
3781,75,74,1247,1666281770,10.0,26,25,25,,WTI-22OCT20-B85.5,between,85.99,85.0,,$85 to 85.99,finalized,2022-10-20 16:02:50,2022-10-20
3782,75,74,1237,1666281777,10.0,26,25,25,,WTI-22OCT20-B85.5,between,85.99,85.0,,$85 to 85.99,finalized,2022-10-20 16:02:57,2022-10-20
3783,99,90,497,1666281781,103.0,10,1,6,,WTI-22OCT20-B82.5,between,82.99,82.0,,$82 to 82.99,finalized,2022-10-20 16:03:01,2022-10-20
3784,75,70,1227,1666281785,10.0,30,25,25,,WTI-22OCT20-B85.5,between,85.99,85.0,,$85 to 85.99,finalized,2022-10-20 16:03:05,2022-10-20
3785,97,90,497,1666281788,0.0,10,3,6,,WTI-22OCT20-B82.5,between,82.99,82.0,,$82 to 82.99,finalized,2022-10-20 16:03:08,2022-10-20
3786,75,70,1216,1666281788,11.0,30,25,25,,WTI-22OCT20-B85.5,between,85.99,85.0,,$85 to 85.99,finalized,2022-10-20 16:03:08,2022-10-20
3787,76,55,1892,1666281791,0.0,45,24,22,,WTI-22OCT20-B83.5,between,83.99,83.0,,$83 to 83.99,finalized,2022-10-20 16:03:11,2022-10-20
3788,75,70,1206,1666281792,10.0,30,25,25,,WTI-22OCT20-B85.5,between,85.99,85.0,,$85 to 85.99,finalized,2022-10-20 16:03:12,2022-10-20
3789,96,91,862,1666281792,141.0,9,4,5,,WTI-22OCT20-B86.5,between,86.99,86.0,,$86 to 86.99,finalized,2022-10-20 16:03:12,2022-10-20
3790,76,63,1892,1666281793,0.0,37,24,22,,WTI-22OCT20-B83.5,between,83.99,83.0,,$83 to 83.99,finalized,2022-10-20 16:03:13,2022-10-20
3791,77,70,1204,1666281796,2.0,30,23,25,,WTI-22OCT20-B85.5,between,85.99,85.0,,$85 to 85.99,finalized,2022-10-20 16:03:16,2022-10-20
3792,77,70,1194,1666281800,10.0,30,23,23,,WTI-22OCT20-B85.5,between,85.99,85.0,,$85 to 85.99,finalized,2022-10-20 16:03:20,2022-10-20
3793,77,74,1194,1666281800,0.0,26,23,23,,WTI-22OCT20-B85.5,between,85.99,85.0,,$85 to 85.99,finalized,2022-10-20 16:03:20,2022-10-20
3794,77,74,1184,1666281807,10.0,26,23,23,,WTI-22OCT20-B85.5,between,85.99,85.0,,$85 to 85.99,finalized,2022-10-20 16:03:27,2022-10-20
3795,77,70,1174,1666281814,10.0,30,23,23,,WTI-22OCT20-B85.5,between,85.99,85.0,,$85 to 85.99,finalized,2022-10-20 16:03:34,2022-10-20
3796,99,93,497,1666281820,0.0,7,1,6,,WTI-22OCT20-B82.5,between,82.99,82.0,,$82 to 82.99,finalized,2022-10-20 16:03:40,2022-10-20
3797,77,70,1164,1666281822,10.0,30,23,23,,WTI-22OCT20-B85.5,between,85.99,85.0,,$85 to 85.99,finalized,2022-10-20 16:03:42,2022-10-20
3798,80,55,1892,1666281823,0.0,45,20,22,,WTI-22OCT20-B83.5,between,83.99,83.0,,$83 to 83.99,finalized,2022-10-20 16:03:43,2022-10-20
3799,80,67,1892,1666281823,0.0,33,20,22,,WTI-22OCT20-B83.5,between,83.99,83.0,,$83 to 83.99,finalized,2022-10-20 16:03:43,2022-10-20
3800,63,55,1544,1666281823,0.0,45,37,39,,WTI-22OCT20-B84.5,between,84.99,84.0,,$84 to 84.99,finalized,2022-10-20 16:03:43,2022-10-20
3801,100,55,1544,1666281823,0.0,45,0,39,,WTI-22OCT20-B84.5,between,84.99,84.0,,$84 to 84.99,finalized,2022-10-20 16:03:43,2022-10-20
3802,98,93,497,1666281825,0.0,7,2,6,,WTI-22OCT20-B82.5,between,82.99,82.0,,$82 to 82.99,finalized,2022-10-20 16:03:45,2022-10-20
3803,97,93,497,1666281825,0.0,7,3,6,,WTI-22OCT20-B82.5,between,82.99,82.0,,$82 to 82.99,finalized,2022-10-20 16:03:45,2022-10-20
3804,80,77,1892,1666281825,0.0,23,20,22,,WTI-22OCT20-B83.5,between,83.99,83.0,,$83 to 83.99,finalized,2022-10-20 16:03:45,2022-10-20
3805,80,79,1892,1666281825,0.0,21,20,22,,WTI-22OCT20-B83.5,between,83.99,83.0,,$83 to 83.99,finalized,2022-10-20 16:03:45,2022-10-20
3806,68,55,1544,1666281825,0.0,45,32,39,,WTI-22OCT20-B84.5,between,84.99,84.0,,$84 to 84.99,finalized,2022-10-20 16:03:45,2022-10-20
3807,64,55,1544,1666281825,0.0,45,36,39,,WTI-22OCT20-B84.5,between,84.99,84.0,,$84 to 84.99,finalized,2022-10-20 16:03:45,2022-10-20
3808,64,57,1544,1666281825,0.0,43,36,39,,WTI-22OCT20-B84.5,between,84.99,84.0,,$84 to 84.99,finalized,2022-10-20 16:03:45,2022-10-20
3809,64,59,1544,1666281825,0.0,41,36,39,,WTI-22OCT20-B84.5,between,84.99,84.0,,$84 to 84.99,finalized,2022-10-20 16:03:45,2022-10-20
3810,79,70,1164,1666281825,0.0,30,21,23,,WTI-22OCT20-B85.5,between,85.99,85.0,,$85 to 85.99,finalized,2022-10-20 16:03:45,2022-10-20
3811,78,70,1164,1666281825,0.0,30,22,23,,WTI-22OCT20-B85.5,between,85.99,85.0,,$85 to 85.99,finalized,2022-10-20 16:03:45,2022-10-20
3812,78,69,1164,1666281825,0.0,31,22,23,,WTI-22OCT20-B85.5,between,85.99,85.0,,$85 to 85.99,finalized,2022-10-20 16:03:45,2022-10-20
3813,100,95,797,1666281825,0.0,5,0,7,,WTI-22OCT20-B87.5,between,87.99,87.0,,$87 to 87.99,finalized,2022-10-20 16:03:45,2022-10-20
3814,100,94,797,1666281825,0.0,6,0,7,,WTI-22OCT20-B87.5,between,87.99,87.0,,$87 to 87.99,finalized,2022-10-20 16:03:45,2022-10-20
3815,76,69,1164,1666281826,0.0,31,24,23,,WTI-22OCT20-B85.5,between,85.99,85.0,,$85 to 85.99,finalized,2022-10-20 16:03:46,2022-10-20
3816,100,55,797,1666281826,0.0,45,0,7,,WTI-22OCT20-B87.5,between,87.99,87.0,,$87 to 87.99,finalized,2022-10-20 16:03:46,2022-10-20
3817,76,71,1164,1666281827,0.0,29,24,23,,WTI-22OCT20-B85.5,between,85.99,85.0,,$85 to 85.99,finalized,2022-10-20 16:03:47,2022-10-20
3818,76,71,1154,1666281829,10.0,29,24,24,,WTI-22OCT20-B85.5,between,85.99,85.0,,$85 to 85.99,finalized,2022-10-20 16:03:49,2022-10-20
3819,80,79,1902,1666281830,10.0,21,20,21,,WTI-22OCT20-B83.5,between,83.99,83.0,,$83 to 83.99,finalized,2022-10-20 16:03:50,2022-10-20
3820,76,73,1154,1666281831,0.0,27,24,24,,WTI-22OCT20-B85.5,between,85.99,85.0,,$85 to 85.99,finalized,2022-10-20 16:03:51,2022-10-20
3821,76,73,1154,1666281836,10.0,27,24,24,,WTI-22OCT20-B85.5,between,85.99,85.0,,$85 to 85.99,finalized,2022-10-20 16:03:56,2022-10-20
3822,84,79,1912,1666281837,10.0,21,16,21,,WTI-22OCT20-B83.5,between,83.99,83.0,,$83 to 83.99,finalized,2022-10-20 16:03:57,2022-10-20
3823,97,94,497,1666281841,0.0,6,3,6,,WTI-22OCT20-B82.5,between,82.99,82.0,,$82 to 82.99,finalized,2022-10-20 16:04:01,2022-10-20
3824,76,71,1154,1666281844,4587.0,29,24,24,,WTI-22OCT20-B85.5,between,85.99,85.0,,$85 to 85.99,finalized,2022-10-20 16:04:04,2022-10-20
3825,84,79,1922,1666281845,10.0,21,16,21,,WTI-22OCT20-B83.5,between,83.99,83.0,,$83 to 83.99,finalized,2022-10-20 16:04:05,2022-10-20
3826,76,71,1154,1666281851,10.0,29,24,24,,WTI-22OCT20-B85.5,between,85.99,85.0,,$85 to 85.99,finalized,2022-10-20 16:04:11,2022-10-20
3827,84,79,1932,1666281852,10.0,21,16,21,,WTI-22OCT20-B83.5,between,83.99,83.0,,$83 to 83.99,finalized,2022-10-20 16:04:12,2022-10-20
3828,81,79,1932,1666281853,0.0,21,19,21,,WTI-22OCT20-B83.5,between,83.99,83.0,,$83 to 83.99,finalized,2022-10-20 16:04:13,2022-10-20
3829,76,71,1154,1666281859,10.0,29,24,24,,WTI-22OCT20-B85.5,between,85.99,85.0,,$85 to 85.99,finalized,2022-10-20 16:04:19,2022-10-20
3830,81,79,1942,1666281860,10.0,21,19,21,,WTI-22OCT20-B83.5,between,83.99,83.0,,$83 to 83.99,finalized,2022-10-20 16:04:20,2022-10-20
3831,76,72,1154,1666281862,0.0,28,24,24,,WTI-22OCT20-B85.5,between,85.99,85.0,,$85 to 85.99,finalized,2022-10-20 16:04:22,2022-10-20
3832,78,76,1154,1666281866,7.0,24,22,24,,WTI-22OCT20-B85.5,between,85.99,85.0,,$85 to 85.99,finalized,2022-10-20 16:04:26,2022-10-20
3833,81,79,1952,1666281867,10.0,21,19,21,,WTI-22OCT20-B83.5,between,83.99,83.0,,$83 to 83.99,finalized,2022-10-20 16:04:27,2022-10-20
3834,84,79,1962,1666281874,10.0,21,16,21,,WTI-22OCT20-B83.5,between,83.99,83.0,,$83 to 83.99,finalized,2022-10-20 16:04:34,2022-10-20
3835,96,92,862,1666281881,0.0,8,4,5,,WTI-22OCT20-B86.5,between,86.99,86.0,,$86 to 86.99,finalized,2022-10-20 16:04:41,2022-10-20
3836,79,77,1968,1666281882,6.0,23,21,21,,WTI-22OCT20-B83.5,between,83.99,83.0,,$83 to 83.99,finalized,2022-10-20 16:04:42,2022-10-20
3837,84,77,1968,1666281890,0.0,23,16,21,,WTI-22OCT20-B83.5,between,83.99,83.0,,$83 to 83.99,finalized,2022-10-20 16:04:50,2022-10-20
3838,87,77,1968,1666281890,0.0,23,13,21,,WTI-22OCT20-B83.5,between,83.99,83.0,,$83 to 83.99,finalized,2022-10-20 16:04:50,2022-10-20
3839,93,77,1968,1666281890,0.0,23,7,21,,WTI-22OCT20-B83.5,between,83.99,83.0,,$83 to 83.99,finalized,2022-10-20 16:04:50,2022-10-20
3840,93,75,1968,1666281890,0.0,25,7,21,,WTI-22OCT20-B83.5,between,83.99,83.0,,$83 to 83.99,finalized,2022-10-20 16:04:50,2022-10-20
3841,93,55,1968,1666281890,0.0,45,7,21,,WTI-22OCT20-B83.5,between,83.99,83.0,,$83 to 83.99,finalized,2022-10-20 16:04:50,2022-10-20
3842,65,59,1544,1666281890,0.0,41,35,39,,WTI-22OCT20-B84.5,between,84.99,84.0,,$84 to 84.99,finalized,2022-10-20 16:04:50,2022-10-20
3843,65,57,1544,1666281890,2339.0,43,35,39,,WTI-22OCT20-B84.5,between,84.99,84.0,,$84 to 84.99,finalized,2022-10-20 16:04:50,2022-10-20
3844,78,71,1154,1666281890,0.0,29,22,24,,WTI-22OCT20-B85.5,between,85.99,85.0,,$85 to 85.99,finalized,2022-10-20 16:04:50,2022-10-20
3845,96,93,862,1666281891,0.0,7,4,5,,WTI-22OCT20-B86.5,between,86.99,86.0,,$86 to 86.99,finalized,2022-10-20 16:04:51,2022-10-20
3846,100,94,497,1666281892,0.0,6,0,6,,WTI-22OCT20-B82.5,between,82.99,82.0,,$82 to 82.99,finalized,2022-10-20 16:04:52,2022-10-20
3847,65,55,1544,1666281892,0.0,45,35,39,,WTI-22OCT20-B84.5,between,84.99,84.0,,$84 to 84.99,finalized,2022-10-20 16:04:52,2022-10-20
3848,78,69,1154,1666281892,0.0,31,22,24,,WTI-22OCT20-B85.5,between,85.99,85.0,,$85 to 85.99,finalized,2022-10-20 16:04:52,2022-10-20
3849,97,93,862,1666281892,0.0,7,3,5,,WTI-22OCT20-B86.5,between,86.99,86.0,,$86 to 86.99,finalized,2022-10-20 16:04:52,2022-10-20
3850,100,93,862,1666281892,0.0,7,0,5,,WTI-22OCT20-B86.5,between,86.99,86.0,,$86 to 86.99,finalized,2022-10-20 16:04:52,2022-10-20
3851,80,69,1154,1666281893,0.0,31,20,24,,WTI-22OCT20-B85.5,between,85.99,85.0,,$85 to 85.99,finalized,2022-10-20 16:04:53,2022-10-20
3852,82,69,1154,1666281893,0.0,31,18,24,,WTI-22OCT20-B85.5,between,85.99,85.0,,$85 to 85.99,finalized,2022-10-20 16:04:53,2022-10-20
3853,100,95,497,1666281906,0.0,5,0,6,,WTI-22OCT20-B82.5,between,82.99,82.0,,$82 to 82.99,finalized,2022-10-20 16:05:06,2022-10-20
3854,82,55,1968,1666281912,0.0,45,18,21,,WTI-22OCT20-B83.5,between,83.99,83.0,,$83 to 83.99,finalized,2022-10-20 16:05:12,2022-10-20
3855,82,69,1968,1666281912,0.0,31,18,21,,WTI-22OCT20-B83.5,between,83.99,83.0,,$83 to 83.99,finalized,2022-10-20 16:05:12,2022-10-20
3856,83,59,1154,1666281920,0.0,41,17,24,,WTI-22OCT20-B85.5,between,85.99,85.0,,$85 to 85.99,finalized,2022-10-20 16:05:20,2022-10-20
3857,83,70,1154,1666281920,0.0,30,17,24,,WTI-22OCT20-B85.5,between,85.99,85.0,,$85 to 85.99,finalized,2022-10-20 16:05:20,2022-10-20
3858,85,55,1968,1666281943,0.0,45,15,21,,WTI-22OCT20-B83.5,between,83.99,83.0,,$83 to 83.99,finalized,2022-10-20 16:05:43,2022-10-20
3859,85,72,1968,1666281943,0.0,28,15,21,,WTI-22OCT20-B83.5,between,83.99,83.0,,$83 to 83.99,finalized,2022-10-20 16:05:43,2022-10-20
3860,80,59,1154,1666281951,0.0,41,20,24,,WTI-22OCT20-B85.5,between,85.99,85.0,,$85 to 85.99,finalized,2022-10-20 16:05:51,2022-10-20
3861,80,67,1154,1666281951,0.0,33,20,24,,WTI-22OCT20-B85.5,between,85.99,85.0,,$85 to 85.99,finalized,2022-10-20 16:05:51,2022-10-20
3862,100,96,497,1666281954,0.0,4,0,6,,WTI-22OCT20-B82.5,between,82.99,82.0,,$82 to 82.99,finalized,2022-10-20 16:05:54,2022-10-20
3863,85,55,1968,1666281974,0.0,45,15,21,,WTI-22OCT20-B83.5,between,83.99,83.0,,$83 to 83.99,finalized,2022-10-20 16:06:14,2022-10-20
3864,85,73,1968,1666281974,0.0,27,15,21,,WTI-22OCT20-B83.5,between,83.99,83.0,,$83 to 83.99,finalized,2022-10-20 16:06:14,2022-10-20
3865,78,59,1154,1666281983,0.0,41,22,24,,WTI-22OCT20-B85.5,between,85.99,85.0,,$85 to 85.99,finalized,2022-10-20 16:06:23,2022-10-20
3866,78,65,1154,1666281983,0.0,35,22,24,,WTI-22OCT20-B85.5,between,85.99,85.0,,$85 to 85.99,finalized,2022-10-20 16:06:23,2022-10-20
3867,97,93,862,1666281986,0.0,7,3,5,,WTI-22OCT20-B86.5,between,86.99,86.0,,$86 to 86.99,finalized,2022-10-20 16:06:26,2022-10-20
3868,86,55,1968,1666282005,0.0,45,14,21,,WTI-22OCT20-B83.5,between,83.99,83.0,,$83 to 83.99,finalized,2022-10-20 16:06:45,2022-10-20
3869,86,75,1968,1666282005,0.0,25,14,21,,WTI-22OCT20-B83.5,between,83.99,83.0,,$83 to 83.99,finalized,2022-10-20 16:06:45,2022-10-20
3870,79,59,1154,1666282013,0.0,41,21,24,,WTI-22OCT20-B85.5,between,85.99,85.0,,$85 to 85.99,finalized,2022-10-20 16:06:53,2022-10-20
3871,79,66,1154,1666282013,0.0,34,21,24,,WTI-22OCT20-B85.5,between,85.99,85.0,,$85 to 85.99,finalized,2022-10-20 16:06:53,2022-10-20
3872,97,91,862,1666282020,11.0,9,3,7,,WTI-22OCT20-B86.5,between,86.99,86.0,,$86 to 86.99,finalized,2022-10-20 16:07:00,2022-10-20
3873,100,95,497,1666282028,0.0,5,0,6,,WTI-22OCT20-B82.5,between,82.99,82.0,,$82 to 82.99,finalized,2022-10-20 16:07:08,2022-10-20
3874,85,55,1968,1666282034,0.0,45,15,21,,WTI-22OCT20-B83.5,between,83.99,83.0,,$83 to 83.99,finalized,2022-10-20 16:07:14,2022-10-20
3875,85,72,1968,1666282035,0.0,28,15,21,,WTI-22OCT20-B83.5,between,83.99,83.0,,$83 to 83.99,finalized,2022-10-20 16:07:15,2022-10-20
3876,80,59,1154,1666282043,0.0,41,20,24,,WTI-22OCT20-B85.5,between,85.99,85.0,,$85 to 85.99,finalized,2022-10-20 16:07:23,2022-10-20
3877,80,67,1154,1666282043,0.0,33,20,24,,WTI-22OCT20-B85.5,between,85.99,85.0,,$85 to 85.99,finalized,2022-10-20 16:07:23,2022-10-20
3878,86,55,1968,1666282065,0.0,45,14,21,,WTI-22OCT20-B83.5,between,83.99,83.0,,$83 to 83.99,finalized,2022-10-20 16:07:45,2022-10-20
3879,86,75,1968,1666282065,0.0,25,14,21,,WTI-22OCT20-B83.5,between,83.99,83.0,,$83 to 83.99,finalized,2022-10-20 16:07:45,2022-10-20
3880,100,93,862,1666282070,0.0,7,0,7,,WTI-22OCT20-B86.5,between,86.99,86.0,,$86 to 86.99,finalized,2022-10-20 16:07:50,2022-10-20
3881,78,59,1154,1666282073,0.0,41,22,24,,WTI-22OCT20-B85.5,between,85.99,85.0,,$85 to 85.99,finalized,2022-10-20 16:07:53,2022-10-20
3882,78,65,1154,1666282074,0.0,35,22,24,,WTI-22OCT20-B85.5,between,85.99,85.0,,$85 to 85.99,finalized,2022-10-20 16:07:54,2022-10-20
3883,97,93,862,1666282077,0.0,7,3,7,,WTI-22OCT20-B86.5,between,86.99,86.0,,$86 to 86.99,finalized,2022-10-20 16:07:57,2022-10-20
3884,100,93,862,1666282094,0.0,7,0,7,,WTI-22OCT20-B86.5,between,86.99,86.0,,$86 to 86.99,finalized,2022-10-20 16:08:14,2022-10-20
3885,86,55,1968,1666282096,0.0,45,14,21,,WTI-22OCT20-B83.5,between,83.99,83.0,,$83 to 83.99,finalized,2022-10-20 16:08:16,2022-10-20
3886,86,74,1968,1666282096,0.0,26,14,21,,WTI-22OCT20-B83.5,between,83.99,83.0,,$83 to 83.99,finalized,2022-10-20 16:08:16,2022-10-20
3887,79,59,1154,1666282104,0.0,41,21,24,,WTI-22OCT20-B85.5,between,85.99,85.0,,$85 to 85.99,finalized,2022-10-20 16:08:24,2022-10-20
3888,79,66,1154,1666282104,0.0,34,21,24,,WTI-22OCT20-B85.5,between,85.99,85.0,,$85 to 85.99,finalized,2022-10-20 16:08:24,2022-10-20
3889,86,55,1968,1666282126,0.0,45,14,21,,WTI-22OCT20-B83.5,between,83.99,83.0,,$83 to 83.99,finalized,2022-10-20 16:08:46,2022-10-20
3890,86,74,1968,1666282126,0.0,26,14,21,,WTI-22OCT20-B83.5,between,83.99,83.0,,$83 to 83.99,finalized,2022-10-20 16:08:46,2022-10-20
3891,78,59,1154,1666282134,0.0,41,22,24,,WTI-22OCT20-B85.5,between,85.99,85.0,,$85 to 85.99,finalized,2022-10-20 16:08:54,2022-10-20
3892,78,65,1154,1666282134,0.0,35,22,24,,WTI-22OCT20-B85.5,between,85.99,85.0,,$85 to 85.99,finalized,2022-10-20 16:08:54,2022-10-20
3893,97,93,862,1666282138,0.0,7,3,7,,WTI-22OCT20-B86.5,between,86.99,86.0,,$86 to 86.99,finalized,2022-10-20 16:08:58,2022-10-20
3894,86,55,1968,1666282158,0.0,45,14,21,,WTI-22OCT20-B83.5,between,83.99,83.0,,$83 to 83.99,finalized,2022-10-20 16:09:18,2022-10-20
3895,86,74,1968,1666282158,0.0,26,14,21,,WTI-22OCT20-B83.5,between,83.99,83.0,,$83 to 83.99,finalized,2022-10-20 16:09:18,2022-10-20
3896,77,59,1154,1666282167,0.0,41,23,24,,WTI-22OCT20-B85.5,between,85.99,85.0,,$85 to 85.99,finalized,2022-10-20 16:09:27,2022-10-20
3897,77,64,1154,1666282167,0.0,36,23,24,,WTI-22OCT20-B85.5,between,85.99,85.0,,$85 to 85.99,finalized,2022-10-20 16:09:27,2022-10-20
3898,86,55,1968,1666282188,0.0,45,14,21,,WTI-22OCT20-B83.5,between,83.99,83.0,,$83 to 83.99,finalized,2022-10-20 16:09:48,2022-10-20
3899,86,70,1968,1666282188,0.0,30,14,21,,WTI-22OCT20-B83.5,between,83.99,83.0,,$83 to 83.99,finalized,2022-10-20 16:09:48,2022-10-20
3900,86,74,1968,1666282188,0.0,26,14,21,,WTI-22OCT20-B83.5,between,83.99,83.0,,$83 to 83.99,finalized,2022-10-20 16:09:48,2022-10-20
3901,78,55,1154,1666282197,0.0,45,22,24,,WTI-22OCT20-B85.5,between,85.99,85.0,,$85 to 85.99,finalized,2022-10-20 16:09:57,2022-10-20
3902,78,65,1154,1666282197,0.0,35,22,24,,WTI-22OCT20-B85.5,between,85.99,85.0,,$85 to 85.99,finalized,2022-10-20 16:09:57,2022-10-20
3903,84,70,1968,1666282220,0.0,30,16,21,,WTI-22OCT20-B83.5,between,83.99,83.0,,$83 to 83.99,finalized,2022-10-20 16:10:20,2022-10-20
3904,84,72,1968,1666282220,0.0,28,16,21,,WTI-22OCT20-B83.5,between,83.99,83.0,,$83 to 83.99,finalized,2022-10-20 16:10:20,2022-10-20
3905,64,55,1544,1666282224,0.0,45,36,39,,WTI-22OCT20-B84.5,between,84.99,84.0,,$84 to 84.99,finalized,2022-10-20 16:10:24,2022-10-20
3906,79,55,1154,1666282229,0.0,45,21,24,,WTI-22OCT20-B85.5,between,85.99,85.0,,$85 to 85.99,finalized,2022-10-20 16:10:29,2022-10-20
3907,79,66,1154,1666282229,0.0,34,21,24,,WTI-22OCT20-B85.5,between,85.99,85.0,,$85 to 85.99,finalized,2022-10-20 16:10:29,2022-10-20
3908,85,70,1968,1666282251,0.0,30,15,21,,WTI-22OCT20-B83.5,between,83.99,83.0,,$83 to 83.99,finalized,2022-10-20 16:10:51,2022-10-20
3909,85,73,1968,1666282251,0.0,27,15,21,,WTI-22OCT20-B83.5,between,83.99,83.0,,$83 to 83.99,finalized,2022-10-20 16:10:51,2022-10-20
3910,78,55,1154,1666282259,0.0,45,22,24,,WTI-22OCT20-B85.5,between,85.99,85.0,,$85 to 85.99,finalized,2022-10-20 16:10:59,2022-10-20
3911,78,65,1154,1666282259,0.0,35,22,24,,WTI-22OCT20-B85.5,between,85.99,85.0,,$85 to 85.99,finalized,2022-10-20 16:10:59,2022-10-20
3912,85,70,1968,1666282282,0.0,30,15,21,,WTI-22OCT20-B83.5,between,83.99,83.0,,$83 to 83.99,finalized,2022-10-20 16:11:22,2022-10-20
3913,85,73,1968,1666282282,0.0,27,15,21,,WTI-22OCT20-B83.5,between,83.99,83.0,,$83 to 83.99,finalized,2022-10-20 16:11:22,2022-10-20
3914,80,55,1154,1666282290,0.0,45,20,24,,WTI-22OCT20-B85.5,between,85.99,85.0,,$85 to 85.99,finalized,2022-10-20 16:11:30,2022-10-20
3915,80,67,1154,1666282290,0.0,33,20,24,,WTI-22OCT20-B85.5,between,85.99,85.0,,$85 to 85.99,finalized,2022-10-20 16:11:30,2022-10-20
3916,84,70,1968,1666282311,0.0,30,16,21,,WTI-22OCT20-B83.5,between,83.99,83.0,,$83 to 83.99,finalized,2022-10-20 16:11:51,2022-10-20
3917,84,72,1968,1666282311,0.0,28,16,21,,WTI-22OCT20-B83.5,between,83.99,83.0,,$83 to 83.99,finalized,2022-10-20 16:11:51,2022-10-20
3918,80,55,1154,1666282319,0.0,45,20,24,,WTI-22OCT20-B85.5,between,85.99,85.0,,$85 to 85.99,finalized,2022-10-20 16:11:59,2022-10-20
3919,80,67,1154,1666282319,0.0,33,20,24,,WTI-22OCT20-B85.5,between,85.99,85.0,,$85 to 85.99,finalized,2022-10-20 16:11:59,2022-10-20
3920,84,70,1968,1666282341,0.0,30,16,21,,WTI-22OCT20-B83.5,between,83.99,83.0,,$83 to 83.99,finalized,2022-10-20 16:12:21,2022-10-20
3921,84,72,1968,1666282341,0.0,28,16,21,,WTI-22OCT20-B83.5,between,83.99,83.0,,$83 to 83.99,finalized,2022-10-20 16:12:21,2022-10-20
3922,81,55,1154,1666282349,0.0,45,19,24,,WTI-22OCT20-B85.5,between,85.99,85.0,,$85 to 85.99,finalized,2022-10-20 16:12:29,2022-10-20
3923,81,68,1154,1666282349,0.0,32,19,24,,WTI-22OCT20-B85.5,between,85.99,85.0,,$85 to 85.99,finalized,2022-10-20 16:12:29,2022-10-20
3924,82,70,1968,1666282371,0.0,30,18,21,,WTI-22OCT20-B83.5,between,83.99,83.0,,$83 to 83.99,finalized,2022-10-20 16:12:51,2022-10-20
3925,100,96,497,1666282375,0.0,4,0,6,,WTI-22OCT20-B82.5,between,82.99,82.0,,$82 to 82.99,finalized,2022-10-20 16:12:55,2022-10-20
3926,83,55,1154,1666282379,0.0,45,17,24,,WTI-22OCT20-B85.5,between,85.99,85.0,,$85 to 85.99,finalized,2022-10-20 16:12:59,2022-10-20
3927,83,70,1154,1666282379,0.0,30,17,24,,WTI-22OCT20-B85.5,between,85.99,85.0,,$85 to 85.99,finalized,2022-10-20 16:12:59,2022-10-20
3928,100,95,508,1666282394,11.0,5,0,4,,WTI-22OCT20-B82.5,between,82.99,82.0,,$82 to 82.99,finalized,2022-10-20 16:13:14,2022-10-20
3929,83,70,1968,1666282402,0.0,30,17,21,,WTI-22OCT20-B83.5,between,83.99,83.0,,$83 to 83.99,finalized,2022-10-20 16:13:22,2022-10-20
3930,63,55,1544,1666282406,0.0,45,37,39,,WTI-22OCT20-B84.5,between,84.99,84.0,,$84 to 84.99,finalized,2022-10-20 16:13:26,2022-10-20
3931,81,55,1154,1666282410,0.0,45,19,24,,WTI-22OCT20-B85.5,between,85.99,85.0,,$85 to 85.99,finalized,2022-10-20 16:13:30,2022-10-20
3932,81,68,1154,1666282410,0.0,32,19,24,,WTI-22OCT20-B85.5,between,85.99,85.0,,$85 to 85.99,finalized,2022-10-20 16:13:30,2022-10-20
3933,85,70,1968,1666282432,0.0,30,15,21,,WTI-22OCT20-B83.5,between,83.99,83.0,,$83 to 83.99,finalized,2022-10-20 16:13:52,2022-10-20
3934,85,73,1968,1666282433,0.0,27,15,21,,WTI-22OCT20-B83.5,between,83.99,83.0,,$83 to 83.99,finalized,2022-10-20 16:13:53,2022-10-20
3935,64,55,1544,1666282436,0.0,45,36,39,,WTI-22OCT20-B84.5,between,84.99,84.0,,$84 to 84.99,finalized,2022-10-20 16:13:56,2022-10-20
3936,78,55,1154,1666282441,0.0,45,22,24,,WTI-22OCT20-B85.5,between,85.99,85.0,,$85 to 85.99,finalized,2022-10-20 16:14:01,2022-10-20
3937,78,65,1154,1666282441,0.0,35,22,24,,WTI-22OCT20-B85.5,between,85.99,85.0,,$85 to 85.99,finalized,2022-10-20 16:14:01,2022-10-20
3938,100,95,862,1666282452,0.0,5,0,7,,WTI-22OCT20-B86.5,between,86.99,86.0,,$86 to 86.99,finalized,2022-10-20 16:14:12,2022-10-20
3939,100,91,884,1666282453,22.0,9,0,7,,WTI-22OCT20-B86.5,between,86.99,86.0,,$86 to 86.99,finalized,2022-10-20 16:14:13,2022-10-20
3940,100,97,884,1666282457,0.0,3,0,7,,WTI-22OCT20-B86.5,between,86.99,86.0,,$86 to 86.99,finalized,2022-10-20 16:14:17,2022-10-20
3941,86,70,1968,1666282463,0.0,30,14,21,,WTI-22OCT20-B83.5,between,83.99,83.0,,$83 to 83.99,finalized,2022-10-20 16:14:23,2022-10-20
3942,86,75,1968,1666282464,0.0,25,14,21,,WTI-22OCT20-B83.5,between,83.99,83.0,,$83 to 83.99,finalized,2022-10-20 16:14:24,2022-10-20
3943,100,91,884,1666282464,0.0,9,0,7,,WTI-22OCT20-B86.5,between,86.99,86.0,,$86 to 86.99,finalized,2022-10-20 16:14:24,2022-10-20
3944,77,55,1154,1666282472,0.0,45,23,24,,WTI-22OCT20-B85.5,between,85.99,85.0,,$85 to 85.99,finalized,2022-10-20 16:14:32,2022-10-20
3945,77,64,1154,1666282472,0.0,36,23,24,,WTI-22OCT20-B85.5,between,85.99,85.0,,$85 to 85.99,finalized,2022-10-20 16:14:32,2022-10-20
3946,97,91,884,1666282476,0.0,9,3,7,,WTI-22OCT20-B86.5,between,86.99,86.0,,$86 to 86.99,finalized,2022-10-20 16:14:36,2022-10-20
3947,97,93,884,1666282479,0.0,7,3,7,,WTI-22OCT20-B86.5,between,86.99,86.0,,$86 to 86.99,finalized,2022-10-20 16:14:39,2022-10-20
3948,100,93,884,1666282487,0.0,7,0,7,,WTI-22OCT20-B86.5,between,86.99,86.0,,$86 to 86.99,finalized,2022-10-20 16:14:47,2022-10-20
3949,98,95,508,1666282491,0.0,5,2,4,,WTI-22OCT20-B82.5,between,82.99,82.0,,$82 to 82.99,finalized,2022-10-20 16:14:51,2022-10-20
3950,80,70,1968,1666282491,0.0,30,20,21,,WTI-22OCT20-B83.5,between,83.99,83.0,,$83 to 83.99,finalized,2022-10-20 16:14:51,2022-10-20
3951,78,70,1968,1666282491,0.0,30,22,21,,WTI-22OCT20-B83.5,between,83.99,83.0,,$83 to 83.99,finalized,2022-10-20 16:14:51,2022-10-20
3952,78,73,1968,1666282491,0.0,27,22,21,,WTI-22OCT20-B83.5,between,83.99,83.0,,$83 to 83.99,finalized,2022-10-20 16:14:51,2022-10-20
3953,58,55,1544,1666282491,0.0,45,42,39,,WTI-22OCT20-B84.5,between,84.99,84.0,,$84 to 84.99,finalized,2022-10-20 16:14:51,2022-10-20
3954,54,47,1544,1666282491,1.0,53,46,45,,WTI-22OCT20-B84.5,between,84.99,84.0,,$84 to 84.99,finalized,2022-10-20 16:14:51,2022-10-20
3955,54,49,1544,1666282491,0.0,51,46,45,,WTI-22OCT20-B84.5,between,84.99,84.0,,$84 to 84.99,finalized,2022-10-20 16:14:51,2022-10-20
3956,100,80,1154,1666282491,0.0,20,0,24,,WTI-22OCT20-B85.5,between,85.99,85.0,,$85 to 85.99,finalized,2022-10-20 16:14:51,2022-10-20
3957,86,80,1154,1666282491,0.0,20,14,24,,WTI-22OCT20-B85.5,between,85.99,85.0,,$85 to 85.99,finalized,2022-10-20 16:14:51,2022-10-20
3958,86,82,1154,1666282491,0.0,18,14,24,,WTI-22OCT20-B85.5,between,85.99,85.0,,$85 to 85.99,finalized,2022-10-20 16:14:51,2022-10-20
3959,100,95,884,1666282491,0.0,5,0,7,,WTI-22OCT20-B86.5,between,86.99,86.0,,$86 to 86.99,finalized,2022-10-20 16:14:51,2022-10-20
3960,98,95,884,1666282491,0.0,5,2,7,,WTI-22OCT20-B86.5,between,86.99,86.0,,$86 to 86.99,finalized,2022-10-20 16:14:51,2022-10-20
3961,78,76,1968,1666282494,0.0,24,22,21,,WTI-22OCT20-B83.5,between,83.99,83.0,,$83 to 83.99,finalized,2022-10-20 16:14:54,2022-10-20
3962,78,76,1958,1666282498,10.0,24,22,22,,WTI-22OCT20-B83.5,between,83.99,83.0,,$83 to 83.99,finalized,2022-10-20 16:14:58,2022-10-20
3963,54,52,1544,1666282498,0.0,48,46,45,,WTI-22OCT20-B84.5,between,84.99,84.0,,$84 to 84.99,finalized,2022-10-20 16:14:58,2022-10-20
3964,86,80,1154,1666282502,54.0,20,14,18,,WTI-22OCT20-B85.5,between,85.99,85.0,,$85 to 85.99,finalized,2022-10-20 16:15:02,2022-10-20
3965,78,76,1948,1666282505,10.0,24,22,22,,WTI-22OCT20-B83.5,between,83.99,83.0,,$83 to 83.99,finalized,2022-10-20 16:15:05,2022-10-20
3966,86,78,1239,1666282505,85.0,22,14,20,,WTI-22OCT20-B85.5,between,85.99,85.0,,$85 to 85.99,finalized,2022-10-20 16:15:05,2022-10-20
3967,86,78,1239,1666282511,10.0,22,14,22,,WTI-22OCT20-B85.5,between,85.99,85.0,,$85 to 85.99,finalized,2022-10-20 16:15:11,2022-10-20
3968,98,96,884,1666282512,0.0,4,2,7,,WTI-22OCT20-B86.5,between,86.99,86.0,,$86 to 86.99,finalized,2022-10-20 16:15:12,2022-10-20
3969,78,73,1938,1666282513,10.0,27,22,22,,WTI-22OCT20-B83.5,between,83.99,83.0,,$83 to 83.99,finalized,2022-10-20 16:15:13,2022-10-20
3970,98,93,733,1666282519,225.0,7,2,6,,WTI-22OCT20-B82.5,between,82.99,82.0,,$82 to 82.99,finalized,2022-10-20 16:15:19,2022-10-20
3971,86,78,1239,1666282519,10.0,22,14,22,,WTI-22OCT20-B85.5,between,85.99,85.0,,$85 to 85.99,finalized,2022-10-20 16:15:19,2022-10-20
3972,78,73,1928,1666282520,10.0,27,22,22,,WTI-22OCT20-B83.5,between,83.99,83.0,,$83 to 83.99,finalized,2022-10-20 16:15:20,2022-10-20
3973,78,77,1928,1666282524,0.0,23,22,22,,WTI-22OCT20-B83.5,between,83.99,83.0,,$83 to 83.99,finalized,2022-10-20 16:15:24,2022-10-20
3974,86,78,1239,1666282526,10.0,22,14,22,,WTI-22OCT20-B85.5,between,85.99,85.0,,$85 to 85.99,finalized,2022-10-20 16:15:26,2022-10-20
3975,78,77,1918,1666282528,10.0,23,22,22,,WTI-22OCT20-B83.5,between,83.99,83.0,,$83 to 83.99,finalized,2022-10-20 16:15:28,2022-10-20
3976,54,49,1544,1666282528,0.0,51,46,45,,WTI-22OCT20-B84.5,between,84.99,84.0,,$84 to 84.99,finalized,2022-10-20 16:15:28,2022-10-20
3977,54,52,1544,1666282528,0.0,48,46,45,,WTI-22OCT20-B84.5,between,84.99,84.0,,$84 to 84.99,finalized,2022-10-20 16:15:28,2022-10-20
3978,86,55,1239,1666282532,47.0,45,14,22,,WTI-22OCT20-B85.5,between,85.99,85.0,,$85 to 85.99,finalized,2022-10-20 16:15:32,2022-10-20
3979,74,55,1239,1666282532,0.0,45,26,22,,WTI-22OCT20-B85.5,between,85.99,85.0,,$85 to 85.99,finalized,2022-10-20 16:15:32,2022-10-20
3980,74,61,1239,1666282532,0.0,39,26,22,,WTI-22OCT20-B85.5,between,85.99,85.0,,$85 to 85.99,finalized,2022-10-20 16:15:32,2022-10-20
3981,98,94,970,1666282534,86.0,6,2,5,,WTI-22OCT20-B86.5,between,86.99,86.0,,$86 to 86.99,finalized,2022-10-20 16:15:34,2022-10-20
3982,78,73,1908,1666282535,10.0,27,22,22,,WTI-22OCT20-B83.5,between,83.99,83.0,,$83 to 83.99,finalized,2022-10-20 16:15:35,2022-10-20
3983,80,78,1903,1666282542,5.0,22,20,22,,WTI-22OCT20-B83.5,between,83.99,83.0,,$83 to 83.99,finalized,2022-10-20 16:15:42,2022-10-20
3984,98,93,1091,1666282545,121.0,7,2,6,,WTI-22OCT20-B86.5,between,86.99,86.0,,$86 to 86.99,finalized,2022-10-20 16:15:45,2022-10-20
3985,98,91,1202,1666282549,111.0,9,2,7,,WTI-22OCT20-B86.5,between,86.99,86.0,,$86 to 86.99,finalized,2022-10-20 16:15:49,2022-10-20
3986,80,73,1893,1666282550,10.0,27,20,20,,WTI-22OCT20-B83.5,between,83.99,83.0,,$83 to 83.99,finalized,2022-10-20 16:15:50,2022-10-20
3987,80,73,1883,1666282557,10.0,27,20,20,,WTI-22OCT20-B83.5,between,83.99,83.0,,$83 to 83.99,finalized,2022-10-20 16:15:57,2022-10-20
3988,56,49,1493,1666282557,51.0,51,44,46,,WTI-22OCT20-B84.5,between,84.99,84.0,,$84 to 84.99,finalized,2022-10-20 16:15:57,2022-10-20
3989,56,54,1493,1666282558,0.0,46,44,46,,WTI-22OCT20-B84.5,between,84.99,84.0,,$84 to 84.99,finalized,2022-10-20 16:15:58,2022-10-20
3990,56,54,1665,1666282561,209.0,46,44,46,,WTI-22OCT20-B84.5,between,84.99,84.0,,$84 to 84.99,finalized,2022-10-20 16:16:01,2022-10-20
3991,73,55,1239,1666282562,0.0,45,27,22,,WTI-22OCT20-B85.5,between,85.99,85.0,,$85 to 85.99,finalized,2022-10-20 16:16:02,2022-10-20
3992,73,60,1239,1666282562,0.0,40,27,22,,WTI-22OCT20-B85.5,between,85.99,85.0,,$85 to 85.99,finalized,2022-10-20 16:16:02,2022-10-20
3993,80,73,1873,1666282565,10.0,27,20,20,,WTI-22OCT20-B83.5,between,83.99,83.0,,$83 to 83.99,finalized,2022-10-20 16:16:05,2022-10-20
3994,96,91,1202,1666282566,0.0,9,4,7,,WTI-22OCT20-B86.5,between,86.99,86.0,,$86 to 86.99,finalized,2022-10-20 16:16:06,2022-10-20
3995,80,73,1867,1666282572,10.0,27,20,20,,WTI-22OCT20-B83.5,between,83.99,83.0,,$83 to 83.99,finalized,2022-10-20 16:16:12,2022-10-20
3996,82,73,1824,1666282579,43.0,27,18,20,,WTI-22OCT20-B83.5,between,83.99,83.0,,$83 to 83.99,finalized,2022-10-20 16:16:19,2022-10-20
3997,82,80,1824,1666282579,0.0,20,18,20,,WTI-22OCT20-B83.5,between,83.99,83.0,,$83 to 83.99,finalized,2022-10-20 16:16:19,2022-10-20
3998,93,73,1736,1666282587,88.0,27,7,18,,WTI-22OCT20-B83.5,between,83.99,83.0,,$83 to 83.99,finalized,2022-10-20 16:16:27,2022-10-20
3999,93,82,1736,1666282587,0.0,18,7,18,,WTI-22OCT20-B83.5,between,83.99,83.0,,$83 to 83.99,finalized,2022-10-20 16:16:27,2022-10-20
4000,56,49,1665,1666282587,0.0,51,44,46,,WTI-22OCT20-B84.5,between,84.99,84.0,,$84 to 84.99,finalized,2022-10-20 16:16:27,2022-10-20
4001,56,54,1665,1666282587,0.0,46,44,46,,WTI-22OCT20-B84.5,between,84.99,84.0,,$84 to 84.99,finalized,2022-10-20 16:16:27,2022-10-20
4002,71,55,1239,1666282591,0.0,45,29,22,,WTI-22OCT20-B85.5,between,85.99,85.0,,$85 to 85.99,finalized,2022-10-20 16:16:31,2022-10-20
4003,71,58,1239,1666282591,0.0,42,29,22,,WTI-22OCT20-B85.5,between,85.99,85.0,,$85 to 85.99,finalized,2022-10-20 16:16:31,2022-10-20
4004,93,73,1736,1666282595,0.0,27,7,18,,WTI-22OCT20-B83.5,between,83.99,83.0,,$83 to 83.99,finalized,2022-10-20 16:16:35,2022-10-20
4005,58,54,1665,1666282595,0.0,46,42,46,,WTI-22OCT20-B84.5,between,84.99,84.0,,$84 to 84.99,finalized,2022-10-20 16:16:35,2022-10-20
4006,67,54,1665,1666282595,0.0,46,33,46,,WTI-22OCT20-B84.5,between,84.99,84.0,,$84 to 84.99,finalized,2022-10-20 16:16:35,2022-10-20
4007,97,93,733,1666282597,0.0,7,3,6,,WTI-22OCT20-B82.5,between,82.99,82.0,,$82 to 82.99,finalized,2022-10-20 16:16:37,2022-10-20
4008,96,93,733,1666282597,0.0,7,4,6,,WTI-22OCT20-B82.5,between,82.99,82.0,,$82 to 82.99,finalized,2022-10-20 16:16:37,2022-10-20
4009,84,73,1736,1666282597,0.0,27,16,18,,WTI-22OCT20-B83.5,between,83.99,83.0,,$83 to 83.99,finalized,2022-10-20 16:16:37,2022-10-20
4010,84,75,1736,1666282597,0.0,25,16,18,,WTI-22OCT20-B83.5,between,83.99,83.0,,$83 to 83.99,finalized,2022-10-20 16:16:37,2022-10-20
4011,55,54,1665,1666282597,0.0,46,45,46,,WTI-22OCT20-B84.5,between,84.99,84.0,,$84 to 84.99,finalized,2022-10-20 16:16:37,2022-10-20
4012,71,58,1239,1666282597,50.0,42,29,29,,WTI-22OCT20-B85.5,between,85.99,85.0,,$85 to 85.99,finalized,2022-10-20 16:16:37,2022-10-20
4013,71,58,1239,1666282597,47.0,42,29,29,,WTI-22OCT20-B85.5,between,85.99,85.0,,$85 to 85.99,finalized,2022-10-20 16:16:37,2022-10-20
4014,71,58,1239,1666282597,41.0,42,29,29,,WTI-22OCT20-B85.5,between,85.99,85.0,,$85 to 85.99,finalized,2022-10-20 16:16:37,2022-10-20
4015,55,50,1665,1666282618,0.0,50,45,46,,WTI-22OCT20-B84.5,between,84.99,84.0,,$84 to 84.99,finalized,2022-10-20 16:16:58,2022-10-20
4016,55,54,1665,1666282618,0.0,46,45,46,,WTI-22OCT20-B84.5,between,84.99,84.0,,$84 to 84.99,finalized,2022-10-20 16:16:58,2022-10-20
4017,72,55,1239,1666282622,0.0,45,28,29,,WTI-22OCT20-B85.5,between,85.99,85.0,,$85 to 85.99,finalized,2022-10-20 16:17:02,2022-10-20
4018,72,59,1239,1666282622,0.0,41,28,29,,WTI-22OCT20-B85.5,between,85.99,85.0,,$85 to 85.99,finalized,2022-10-20 16:17:02,2022-10-20
4019,96,94,733,1666282625,0.0,6,4,6,,WTI-22OCT20-B82.5,between,82.99,82.0,,$82 to 82.99,finalized,2022-10-20 16:17:05,2022-10-20
4020,96,93,733,1666282631,0.0,7,4,6,,WTI-22OCT20-B82.5,between,82.99,82.0,,$82 to 82.99,finalized,2022-10-20 16:17:11,2022-10-20
4021,55,50,1665,1666282648,0.0,50,45,46,,WTI-22OCT20-B84.5,between,84.99,84.0,,$84 to 84.99,finalized,2022-10-20 16:17:28,2022-10-20
4022,55,54,1665,1666282648,0.0,46,45,46,,WTI-22OCT20-B84.5,between,84.99,84.0,,$84 to 84.99,finalized,2022-10-20 16:17:28,2022-10-20
4023,71,55,1239,1666282652,0.0,45,29,29,,WTI-22OCT20-B85.5,between,85.99,85.0,,$85 to 85.99,finalized,2022-10-20 16:17:32,2022-10-20
4024,71,58,1239,1666282652,0.0,42,29,29,,WTI-22OCT20-B85.5,between,85.99,85.0,,$85 to 85.99,finalized,2022-10-20 16:17:32,2022-10-20
4025,96,94,733,1666282655,0.0,6,4,6,,WTI-22OCT20-B82.5,between,82.99,82.0,,$82 to 82.99,finalized,2022-10-20 16:17:35,2022-10-20
4026,97,94,733,1666282664,0.0,6,3,6,,WTI-22OCT20-B82.5,between,82.99,82.0,,$82 to 82.99,finalized,2022-10-20 16:17:44,2022-10-20
4027,97,95,733,1666282664,0.0,5,3,6,,WTI-22OCT20-B82.5,between,82.99,82.0,,$82 to 82.99,finalized,2022-10-20 16:17:44,2022-10-20
4028,93,75,1736,1666282664,0.0,25,7,18,,WTI-22OCT20-B83.5,between,83.99,83.0,,$83 to 83.99,finalized,2022-10-20 16:17:44,2022-10-20
4029,57,54,1665,1666282664,0.0,46,43,46,,WTI-22OCT20-B84.5,between,84.99,84.0,,$84 to 84.99,finalized,2022-10-20 16:17:44,2022-10-20
4030,71,55,1239,1666282664,0.0,45,29,29,,WTI-22OCT20-B85.5,between,85.99,85.0,,$85 to 85.99,finalized,2022-10-20 16:17:44,2022-10-20
4031,71,67,1239,1666282664,0.0,33,29,29,,WTI-22OCT20-B85.5,between,85.99,85.0,,$85 to 85.99,finalized,2022-10-20 16:17:44,2022-10-20
4032,71,69,1239,1666282664,0.0,31,29,29,,WTI-22OCT20-B85.5,between,85.99,85.0,,$85 to 85.99,finalized,2022-10-20 16:17:44,2022-10-20
4033,99,95,733,1666282665,0.0,5,1,6,,WTI-22OCT20-B82.5,between,82.99,82.0,,$82 to 82.99,finalized,2022-10-20 16:17:45,2022-10-20
4034,57,51,1665,1666282665,0.0,49,43,46,,WTI-22OCT20-B84.5,between,84.99,84.0,,$84 to 84.99,finalized,2022-10-20 16:17:45,2022-10-20
4035,75,69,1239,1666282666,0.0,31,25,29,,WTI-22OCT20-B85.5,between,85.99,85.0,,$85 to 85.99,finalized,2022-10-20 16:17:46,2022-10-20
4036,93,70,1736,1666282668,0.0,30,7,18,,WTI-22OCT20-B83.5,between,83.99,83.0,,$83 to 83.99,finalized,2022-10-20 16:17:48,2022-10-20
4037,93,81,1736,1666282668,0.0,19,7,18,,WTI-22OCT20-B83.5,between,83.99,83.0,,$83 to 83.99,finalized,2022-10-20 16:17:48,2022-10-20
4038,88,81,1736,1666282668,0.0,19,12,18,,WTI-22OCT20-B83.5,between,83.99,83.0,,$83 to 83.99,finalized,2022-10-20 16:17:48,2022-10-20
4039,88,83,1736,1666282668,0.0,17,12,18,,WTI-22OCT20-B83.5,between,83.99,83.0,,$83 to 83.99,finalized,2022-10-20 16:17:48,2022-10-20
4040,96,92,1202,1666282668,0.0,8,4,7,,WTI-22OCT20-B86.5,between,86.99,86.0,,$86 to 86.99,finalized,2022-10-20 16:17:48,2022-10-20
4041,96,94,1202,1666282668,0.0,6,4,7,,WTI-22OCT20-B86.5,between,86.99,86.0,,$86 to 86.99,finalized,2022-10-20 16:17:48,2022-10-20
4042,57,54,1665,1666282678,0.0,46,43,46,,WTI-22OCT20-B84.5,between,84.99,84.0,,$84 to 84.99,finalized,2022-10-20 16:17:58,2022-10-20
4043,71,69,1239,1666282682,0.0,31,29,29,,WTI-22OCT20-B85.5,between,85.99,85.0,,$85 to 85.99,finalized,2022-10-20 16:18:02,2022-10-20
4044,97,95,1202,1666282699,0.0,5,3,7,,WTI-22OCT20-B86.5,between,86.99,86.0,,$86 to 86.99,finalized,2022-10-20 16:18:19,2022-10-20
4045,57,51,1665,1666282706,0.0,49,43,46,,WTI-22OCT20-B84.5,between,84.99,84.0,,$84 to 84.99,finalized,2022-10-20 16:18:26,2022-10-20
4046,57,54,1665,1666282706,0.0,46,43,46,,WTI-22OCT20-B84.5,between,84.99,84.0,,$84 to 84.99,finalized,2022-10-20 16:18:26,2022-10-20
4047,72,69,1239,1666282710,0.0,31,28,29,,WTI-22OCT20-B85.5,between,85.99,85.0,,$85 to 85.99,finalized,2022-10-20 16:18:30,2022-10-20
4048,59,51,1665,1666282730,34.0,49,41,43,,WTI-22OCT20-B84.5,between,84.99,84.0,,$84 to 84.99,finalized,2022-10-20 16:18:50,2022-10-20
4049,88,81,1736,1666282734,2402.0,19,12,18,,WTI-22OCT20-B83.5,between,83.99,83.0,,$83 to 83.99,finalized,2022-10-20 16:18:54,2022-10-20
4050,75,65,1324,1666282734,85.0,35,25,33,,WTI-22OCT20-B85.5,between,85.99,85.0,,$85 to 85.99,finalized,2022-10-20 16:18:54,2022-10-20
4051,75,55,1324,1666282734,0.0,45,25,33,,WTI-22OCT20-B85.5,between,85.99,85.0,,$85 to 85.99,finalized,2022-10-20 16:18:54,2022-10-20
4052,82,55,1324,1666282734,0.0,45,18,33,,WTI-22OCT20-B85.5,between,85.99,85.0,,$85 to 85.99,finalized,2022-10-20 16:18:54,2022-10-20
4053,99,96,733,1666282735,0.0,4,1,6,,WTI-22OCT20-B82.5,between,82.99,82.0,,$82 to 82.99,finalized,2022-10-20 16:18:55,2022-10-20
4054,59,54,1665,1666282735,0.0,46,41,43,,WTI-22OCT20-B84.5,between,84.99,84.0,,$84 to 84.99,finalized,2022-10-20 16:18:55,2022-10-20
4055,97,92,1202,1666282738,54.0,8,3,7,,WTI-22OCT20-B86.5,between,86.99,86.0,,$86 to 86.99,finalized,2022-10-20 16:18:58,2022-10-20
4056,72,55,1324,1666282739,0.0,45,28,33,,WTI-22OCT20-B85.5,between,85.99,85.0,,$85 to 85.99,finalized,2022-10-20 16:18:59,2022-10-20
4057,72,59,1324,1666282739,0.0,41,28,33,,WTI-22OCT20-B85.5,between,85.99,85.0,,$85 to 85.99,finalized,2022-10-20 16:18:59,2022-10-20
4058,93,81,1701,1666282742,35.0,19,7,12,,WTI-22OCT20-B83.5,between,83.99,83.0,,$83 to 83.99,finalized,2022-10-20 16:19:02,2022-10-20
4059,96,92,1202,1666282742,0.0,8,4,7,,WTI-22OCT20-B86.5,between,86.99,86.0,,$86 to 86.99,finalized,2022-10-20 16:19:02,2022-10-20
4060,61,54,1665,1666282747,35.0,46,39,41,,WTI-22OCT20-B84.5,between,84.99,84.0,,$84 to 84.99,finalized,2022-10-20 16:19:07,2022-10-20
4061,97,91,1202,1666282759,55.0,9,3,8,,WTI-22OCT20-B86.5,between,86.99,86.0,,$86 to 86.99,finalized,2022-10-20 16:19:19,2022-10-20
4062,61,51,1665,1666282764,0.0,49,39,41,,WTI-22OCT20-B84.5,between,84.99,84.0,,$84 to 84.99,finalized,2022-10-20 16:19:24,2022-10-20
4063,61,55,1665,1666282764,0.0,45,39,41,,WTI-22OCT20-B84.5,between,84.99,84.0,,$84 to 84.99,finalized,2022-10-20 16:19:24,2022-10-20
4064,71,55,1324,1666282769,0.0,45,29,33,,WTI-22OCT20-B85.5,between,85.99,85.0,,$85 to 85.99,finalized,2022-10-20 16:19:29,2022-10-20
4065,71,58,1324,1666282769,0.0,42,29,33,,WTI-22OCT20-B85.5,between,85.99,85.0,,$85 to 85.99,finalized,2022-10-20 16:19:29,2022-10-20
4066,96,91,1202,1666282773,0.0,9,4,8,,WTI-22OCT20-B86.5,between,86.99,86.0,,$86 to 86.99,finalized,2022-10-20 16:19:33,2022-10-20
4067,96,90,1202,1666282773,11.0,10,4,9,,WTI-22OCT20-B86.5,between,86.99,86.0,,$86 to 86.99,finalized,2022-10-20 16:19:33,2022-10-20
4068,61,51,1665,1666282794,0.0,49,39,41,,WTI-22OCT20-B84.5,between,84.99,84.0,,$84 to 84.99,finalized,2022-10-20 16:19:54,2022-10-20
4069,61,56,1665,1666282794,0.0,44,39,41,,WTI-22OCT20-B84.5,between,84.99,84.0,,$84 to 84.99,finalized,2022-10-20 16:19:54,2022-10-20
4070,69,55,1324,1666282798,0.0,45,31,33,,WTI-22OCT20-B85.5,between,85.99,85.0,,$85 to 85.99,finalized,2022-10-20 16:19:58,2022-10-20
4071,69,56,1324,1666282798,0.0,44,31,33,,WTI-22OCT20-B85.5,between,85.99,85.0,,$85 to 85.99,finalized,2022-10-20 16:19:58,2022-10-20
4072,95,90,1202,1666282802,0.0,10,5,9,,WTI-22OCT20-B86.5,between,86.99,86.0,,$86 to 86.99,finalized,2022-10-20 16:20:02,2022-10-20
4073,61,51,1665,1666282824,0.0,49,39,41,,WTI-22OCT20-B84.5,between,84.99,84.0,,$84 to 84.99,finalized,2022-10-20 16:20:24,2022-10-20
4074,61,55,1665,1666282824,0.0,45,39,41,,WTI-22OCT20-B84.5,between,84.99,84.0,,$84 to 84.99,finalized,2022-10-20 16:20:24,2022-10-20
4075,68,55,1630,1666282825,35.0,45,32,39,,WTI-22OCT20-B84.5,between,84.99,84.0,,$84 to 84.99,finalized,2022-10-20 16:20:25,2022-10-20
4076,69,55,1324,1666282828,0.0,45,31,33,,WTI-22OCT20-B85.5,between,85.99,85.0,,$85 to 85.99,finalized,2022-10-20 16:20:28,2022-10-20
4077,69,56,1324,1666282829,0.0,44,31,33,,WTI-22OCT20-B85.5,between,85.99,85.0,,$85 to 85.99,finalized,2022-10-20 16:20:29,2022-10-20
4078,68,51,1630,1666282854,0.0,49,32,39,,WTI-22OCT20-B84.5,between,84.99,84.0,,$84 to 84.99,finalized,2022-10-20 16:20:54,2022-10-20
4079,68,55,1630,1666282854,0.0,45,32,39,,WTI-22OCT20-B84.5,between,84.99,84.0,,$84 to 84.99,finalized,2022-10-20 16:20:54,2022-10-20
4080,70,55,1324,1666282858,0.0,45,30,33,,WTI-22OCT20-B85.5,between,85.99,85.0,,$85 to 85.99,finalized,2022-10-20 16:20:58,2022-10-20
4081,70,57,1324,1666282858,0.0,43,30,33,,WTI-22OCT20-B85.5,between,85.99,85.0,,$85 to 85.99,finalized,2022-10-20 16:20:58,2022-10-20
4082,96,90,1202,1666282862,0.0,10,4,9,,WTI-22OCT20-B86.5,between,86.99,86.0,,$86 to 86.99,finalized,2022-10-20 16:21:02,2022-10-20
4083,100,49,1630,1666282882,0.0,51,0,39,,WTI-22OCT20-B84.5,between,84.99,84.0,,$84 to 84.99,finalized,2022-10-20 16:21:22,2022-10-20
4084,100,47,1630,1666282884,0.0,53,0,39,,WTI-22OCT20-B84.5,between,84.99,84.0,,$84 to 84.99,finalized,2022-10-20 16:21:24,2022-10-20
4085,100,45,1630,1666282884,0.0,55,0,39,,WTI-22OCT20-B84.5,between,84.99,84.0,,$84 to 84.99,finalized,2022-10-20 16:21:24,2022-10-20
4086,100,55,1324,1666282884,0.0,45,0,33,,WTI-22OCT20-B85.5,between,85.99,85.0,,$85 to 85.99,finalized,2022-10-20 16:21:24,2022-10-20
4087,98,90,1202,1666282884,0.0,10,2,9,,WTI-22OCT20-B86.5,between,86.99,86.0,,$86 to 86.99,finalized,2022-10-20 16:21:24,2022-10-20
4088,100,90,1202,1666282884,0.0,10,0,9,,WTI-22OCT20-B86.5,between,86.99,86.0,,$86 to 86.99,finalized,2022-10-20 16:21:24,2022-10-20
4089,67,45,1630,1666282885,0.0,55,33,39,,WTI-22OCT20-B84.5,between,84.99,84.0,,$84 to 84.99,finalized,2022-10-20 16:21:25,2022-10-20
4090,67,54,1630,1666282885,0.0,46,33,39,,WTI-22OCT20-B84.5,between,84.99,84.0,,$84 to 84.99,finalized,2022-10-20 16:21:25,2022-10-20
4091,100,96,733,1666282886,0.0,4,0,6,,WTI-22OCT20-B82.5,between,82.99,82.0,,$82 to 82.99,finalized,2022-10-20 16:21:26,2022-10-20
4092,93,79,1701,1666282886,0.0,21,7,12,,WTI-22OCT20-B83.5,between,83.99,83.0,,$83 to 83.99,finalized,2022-10-20 16:21:26,2022-10-20
4093,93,70,1701,1666282886,0.0,30,7,12,,WTI-22OCT20-B83.5,between,83.99,83.0,,$83 to 83.99,finalized,2022-10-20 16:21:26,2022-10-20
4094,100,95,733,1666282888,0.0,5,0,6,,WTI-22OCT20-B82.5,between,82.99,82.0,,$82 to 82.99,finalized,2022-10-20 16:21:28,2022-10-20
4095,100,94,733,1666282888,0.0,6,0,6,,WTI-22OCT20-B82.5,between,82.99,82.0,,$82 to 82.99,finalized,2022-10-20 16:21:28,2022-10-20
4096,71,55,1324,1666282890,0.0,45,29,33,,WTI-22OCT20-B85.5,between,85.99,85.0,,$85 to 85.99,finalized,2022-10-20 16:21:30,2022-10-20
4097,71,58,1324,1666282890,0.0,42,29,33,,WTI-22OCT20-B85.5,between,85.99,85.0,,$85 to 85.99,finalized,2022-10-20 16:21:30,2022-10-20
4098,96,90,1202,1666282894,0.0,10,4,9,,WTI-22OCT20-B86.5,between,86.99,86.0,,$86 to 86.99,finalized,2022-10-20 16:21:34,2022-10-20
4099,67,45,1630,1666282915,0.0,55,33,39,,WTI-22OCT20-B84.5,between,84.99,84.0,,$84 to 84.99,finalized,2022-10-20 16:21:55,2022-10-20
4100,67,54,1630,1666282916,0.0,46,33,39,,WTI-22OCT20-B84.5,between,84.99,84.0,,$84 to 84.99,finalized,2022-10-20 16:21:56,2022-10-20
4101,71,55,1324,1666282919,0.0,45,29,33,,WTI-22OCT20-B85.5,between,85.99,85.0,,$85 to 85.99,finalized,2022-10-20 16:21:59,2022-10-20
4102,71,58,1324,1666282920,0.0,42,29,33,,WTI-22OCT20-B85.5,between,85.99,85.0,,$85 to 85.99,finalized,2022-10-20 16:22:00,2022-10-20
4103,66,45,1630,1666282945,0.0,55,34,39,,WTI-22OCT20-B84.5,between,84.99,84.0,,$84 to 84.99,finalized,2022-10-20 16:22:25,2022-10-20
4104,66,53,1630,1666282945,0.0,47,34,39,,WTI-22OCT20-B84.5,between,84.99,84.0,,$84 to 84.99,finalized,2022-10-20 16:22:25,2022-10-20
4105,71,55,1324,1666282949,0.0,45,29,33,,WTI-22OCT20-B85.5,between,85.99,85.0,,$85 to 85.99,finalized,2022-10-20 16:22:29,2022-10-20
4106,71,58,1324,1666282949,0.0,42,29,33,,WTI-22OCT20-B85.5,between,85.99,85.0,,$85 to 85.99,finalized,2022-10-20 16:22:29,2022-10-20
4107,67,45,1630,1666282975,0.0,55,33,39,,WTI-22OCT20-B84.5,between,84.99,84.0,,$84 to 84.99,finalized,2022-10-20 16:22:55,2022-10-20
4108,67,54,1630,1666282975,0.0,46,33,39,,WTI-22OCT20-B84.5,between,84.99,84.0,,$84 to 84.99,finalized,2022-10-20 16:22:55,2022-10-20
4109,72,55,1324,1666282979,0.0,45,28,33,,WTI-22OCT20-B85.5,between,85.99,85.0,,$85 to 85.99,finalized,2022-10-20 16:22:59,2022-10-20
4110,72,59,1324,1666282980,0.0,41,28,33,,WTI-22OCT20-B85.5,between,85.99,85.0,,$85 to 85.99,finalized,2022-10-20 16:23:00,2022-10-20
4111,97,90,1202,1666282984,0.0,10,3,9,,WTI-22OCT20-B86.5,between,86.99,86.0,,$86 to 86.99,finalized,2022-10-20 16:23:04,2022-10-20
4112,89,70,1701,1666283002,0.0,30,11,12,,WTI-22OCT20-B83.5,between,83.99,83.0,,$83 to 83.99,finalized,2022-10-20 16:23:22,2022-10-20
4113,89,78,1701,1666283003,0.0,22,11,12,,WTI-22OCT20-B83.5,between,83.99,83.0,,$83 to 83.99,finalized,2022-10-20 16:23:23,2022-10-20
4114,64,45,1630,1666283007,0.0,55,36,39,,WTI-22OCT20-B84.5,between,84.99,84.0,,$84 to 84.99,finalized,2022-10-20 16:23:27,2022-10-20
4115,64,51,1630,1666283007,0.0,49,36,39,,WTI-22OCT20-B84.5,between,84.99,84.0,,$84 to 84.99,finalized,2022-10-20 16:23:27,2022-10-20
4116,75,55,1324,1666283011,0.0,45,25,33,,WTI-22OCT20-B85.5,between,85.99,85.0,,$85 to 85.99,finalized,2022-10-20 16:23:31,2022-10-20
4117,75,62,1324,1666283011,0.0,38,25,33,,WTI-22OCT20-B85.5,between,85.99,85.0,,$85 to 85.99,finalized,2022-10-20 16:23:31,2022-10-20
4118,88,70,1701,1666283035,0.0,30,12,12,,WTI-22OCT20-B83.5,between,83.99,83.0,,$83 to 83.99,finalized,2022-10-20 16:23:55,2022-10-20
4119,88,77,1701,1666283035,0.0,23,12,12,,WTI-22OCT20-B83.5,between,83.99,83.0,,$83 to 83.99,finalized,2022-10-20 16:23:55,2022-10-20
4120,100,55,1630,1666283036,0.0,45,0,39,,WTI-22OCT20-B84.5,between,84.99,84.0,,$84 to 84.99,finalized,2022-10-20 16:23:56,2022-10-20
4121,64,55,1630,1666283039,0.0,45,36,39,,WTI-22OCT20-B84.5,between,84.99,84.0,,$84 to 84.99,finalized,2022-10-20 16:23:59,2022-10-20
4122,75,55,1324,1666283042,0.0,45,25,33,,WTI-22OCT20-B85.5,between,85.99,85.0,,$85 to 85.99,finalized,2022-10-20 16:24:02,2022-10-20
4123,75,62,1324,1666283043,5053.0,38,25,33,,WTI-22OCT20-B85.5,between,85.99,85.0,,$85 to 85.99,finalized,2022-10-20 16:24:03,2022-10-20
4124,93,70,1701,1666283066,0.0,30,7,12,,WTI-22OCT20-B83.5,between,83.99,83.0,,$83 to 83.99,finalized,2022-10-20 16:24:26,2022-10-20
4125,67,55,1630,1666283069,0.0,45,33,39,,WTI-22OCT20-B84.5,between,84.99,84.0,,$84 to 84.99,finalized,2022-10-20 16:24:29,2022-10-20
4126,71,55,1324,1666283073,0.0,45,29,33,,WTI-22OCT20-B85.5,between,85.99,85.0,,$85 to 85.99,finalized,2022-10-20 16:24:33,2022-10-20
4127,71,58,1324,1666283073,0.0,42,29,33,,WTI-22OCT20-B85.5,between,85.99,85.0,,$85 to 85.99,finalized,2022-10-20 16:24:33,2022-10-20
4128,96,90,1202,1666283077,0.0,10,4,9,,WTI-22OCT20-B86.5,between,86.99,86.0,,$86 to 86.99,finalized,2022-10-20 16:24:37,2022-10-20
4129,65,55,1630,1666283098,0.0,45,35,39,,WTI-22OCT20-B84.5,between,84.99,84.0,,$84 to 84.99,finalized,2022-10-20 16:24:58,2022-10-20
4130,72,55,1324,1666283102,0.0,45,28,33,,WTI-22OCT20-B85.5,between,85.99,85.0,,$85 to 85.99,finalized,2022-10-20 16:25:02,2022-10-20
4131,72,59,1324,1666283102,0.0,41,28,33,,WTI-22OCT20-B85.5,between,85.99,85.0,,$85 to 85.99,finalized,2022-10-20 16:25:02,2022-10-20
4132,72,55,1324,1666283131,0.0,45,28,33,,WTI-22OCT20-B85.5,between,85.99,85.0,,$85 to 85.99,finalized,2022-10-20 16:25:31,2022-10-20
4133,72,59,1324,1666283131,0.0,41,28,33,,WTI-22OCT20-B85.5,between,85.99,85.0,,$85 to 85.99,finalized,2022-10-20 16:25:31,2022-10-20
4134,67,55,1630,1666283156,0.0,45,33,39,,WTI-22OCT20-B84.5,between,84.99,84.0,,$84 to 84.99,finalized,2022-10-20 16:25:56,2022-10-20
4135,69,55,1324,1666283161,0.0,45,31,33,,WTI-22OCT20-B85.5,between,85.99,85.0,,$85 to 85.99,finalized,2022-10-20 16:26:01,2022-10-20
4136,69,56,1324,1666283161,0.0,44,31,33,,WTI-22OCT20-B85.5,between,85.99,85.0,,$85 to 85.99,finalized,2022-10-20 16:26:01,2022-10-20
4137,99,94,733,1666283181,0.0,6,1,6,,WTI-22OCT20-B82.5,between,82.99,82.0,,$82 to 82.99,finalized,2022-10-20 16:26:21,2022-10-20
4138,99,96,733,1666283181,0.0,4,1,6,,WTI-22OCT20-B82.5,between,82.99,82.0,,$82 to 82.99,finalized,2022-10-20 16:26:21,2022-10-20
4139,86,70,1701,1666283181,0.0,30,14,12,,WTI-22OCT20-B83.5,between,83.99,83.0,,$83 to 83.99,finalized,2022-10-20 16:26:21,2022-10-20
4140,86,81,1701,1666283181,0.0,19,14,12,,WTI-22OCT20-B83.5,between,83.99,83.0,,$83 to 83.99,finalized,2022-10-20 16:26:21,2022-10-20
4141,85,81,1701,1666283181,0.0,19,15,12,,WTI-22OCT20-B83.5,between,83.99,83.0,,$83 to 83.99,finalized,2022-10-20 16:26:21,2022-10-20
4142,99,55,1630,1666283183,0.0,45,1,39,,WTI-22OCT20-B84.5,between,84.99,84.0,,$84 to 84.99,finalized,2022-10-20 16:26:23,2022-10-20
4143,60,55,1630,1666283183,0.0,45,40,39,,WTI-22OCT20-B84.5,between,84.99,84.0,,$84 to 84.99,finalized,2022-10-20 16:26:23,2022-10-20
4144,56,55,1630,1666283183,0.0,45,44,39,,WTI-22OCT20-B84.5,between,84.99,84.0,,$84 to 84.99,finalized,2022-10-20 16:26:23,2022-10-20
4145,78,55,1324,1666283183,0.0,45,22,33,,WTI-22OCT20-B85.5,between,85.99,85.0,,$85 to 85.99,finalized,2022-10-20 16:26:23,2022-10-20
4146,78,71,1324,1666283183,0.0,29,22,33,,WTI-22OCT20-B85.5,between,85.99,85.0,,$85 to 85.99,finalized,2022-10-20 16:26:23,2022-10-20
4147,78,73,1324,1666283183,0.0,27,22,33,,WTI-22OCT20-B85.5,between,85.99,85.0,,$85 to 85.99,finalized,2022-10-20 16:26:23,2022-10-20
4148,97,90,1202,1666283183,0.0,10,3,9,,WTI-22OCT20-B86.5,between,86.99,86.0,,$86 to 86.99,finalized,2022-10-20 16:26:23,2022-10-20
4149,97,91,1202,1666283183,0.0,9,3,9,,WTI-22OCT20-B86.5,between,86.99,86.0,,$86 to 86.99,finalized,2022-10-20 16:26:23,2022-10-20
4150,97,92,1202,1666283183,0.0,8,3,9,,WTI-22OCT20-B86.5,between,86.99,86.0,,$86 to 86.99,finalized,2022-10-20 16:26:23,2022-10-20
4151,97,93,1202,1666283183,0.0,7,3,9,,WTI-22OCT20-B86.5,between,86.99,86.0,,$86 to 86.99,finalized,2022-10-20 16:26:23,2022-10-20
4152,78,71,1324,1666283189,64.0,29,22,27,,WTI-22OCT20-B85.5,between,85.99,85.0,,$85 to 85.99,finalized,2022-10-20 16:26:29,2022-10-20
4153,68,55,1324,1666283189,105.0,45,32,31,,WTI-22OCT20-B85.5,between,85.99,85.0,,$85 to 85.99,finalized,2022-10-20 16:26:29,2022-10-20
4154,56,55,1620,1666283195,10.0,45,44,44,,WTI-22OCT20-B84.5,between,84.99,84.0,,$84 to 84.99,finalized,2022-10-20 16:26:35,2022-10-20
4155,56,55,1610,1666283202,10.0,45,44,44,,WTI-22OCT20-B84.5,between,84.99,84.0,,$84 to 84.99,finalized,2022-10-20 16:26:42,2022-10-20
4156,56,55,1600,1666283210,10.0,45,44,44,,WTI-22OCT20-B84.5,between,84.99,84.0,,$84 to 84.99,finalized,2022-10-20 16:26:50,2022-10-20
4157,69,55,1324,1666283217,0.0,45,31,31,,WTI-22OCT20-B85.5,between,85.99,85.0,,$85 to 85.99,finalized,2022-10-20 16:26:57,2022-10-20
4158,69,56,1324,1666283217,0.0,44,31,31,,WTI-22OCT20-B85.5,between,85.99,85.0,,$85 to 85.99,finalized,2022-10-20 16:26:57,2022-10-20
4159,93,81,1546,1666283226,155.0,19,7,13,,WTI-22OCT20-B83.5,between,83.99,83.0,,$83 to 83.99,finalized,2022-10-20 16:27:06,2022-10-20
4160,97,90,1202,1666283231,233.0,10,3,9,,WTI-22OCT20-B86.5,between,86.99,86.0,,$86 to 86.99,finalized,2022-10-20 16:27:11,2022-10-20
4161,99,97,733,1666283243,0.0,3,1,6,,WTI-22OCT20-B82.5,between,82.99,82.0,,$82 to 82.99,finalized,2022-10-20 16:27:23,2022-10-20
4162,70,55,1324,1666283247,0.0,45,30,31,,WTI-22OCT20-B85.5,between,85.99,85.0,,$85 to 85.99,finalized,2022-10-20 16:27:27,2022-10-20
4163,70,57,1324,1666283248,0.0,43,30,31,,WTI-22OCT20-B85.5,between,85.99,85.0,,$85 to 85.99,finalized,2022-10-20 16:27:28,2022-10-20
4164,96,90,1202,1666283252,0.0,10,4,9,,WTI-22OCT20-B86.5,between,86.99,86.0,,$86 to 86.99,finalized,2022-10-20 16:27:32,2022-10-20
4165,100,97,733,1666283260,0.0,3,0,6,,WTI-22OCT20-B82.5,between,82.99,82.0,,$82 to 82.99,finalized,2022-10-20 16:27:40,2022-10-20
4166,93,79,1546,1666283260,0.0,21,7,13,,WTI-22OCT20-B83.5,between,83.99,83.0,,$83 to 83.99,finalized,2022-10-20 16:27:40,2022-10-20
4167,58,55,1600,1666283260,0.0,45,42,44,,WTI-22OCT20-B84.5,between,84.99,84.0,,$84 to 84.99,finalized,2022-10-20 16:27:40,2022-10-20
4168,99,55,1600,1666283260,0.0,45,1,44,,WTI-22OCT20-B84.5,between,84.99,84.0,,$84 to 84.99,finalized,2022-10-20 16:27:40,2022-10-20
4169,80,55,1324,1666283260,0.0,45,20,31,,WTI-22OCT20-B85.5,between,85.99,85.0,,$85 to 85.99,finalized,2022-10-20 16:27:40,2022-10-20
4170,82,55,1324,1666283261,0.0,45,18,31,,WTI-22OCT20-B85.5,between,85.99,85.0,,$85 to 85.99,finalized,2022-10-20 16:27:41,2022-10-20
4171,93,70,1546,1666283262,0.0,30,7,13,,WTI-22OCT20-B83.5,between,83.99,83.0,,$83 to 83.99,finalized,2022-10-20 16:27:42,2022-10-20
4172,92,70,1546,1666283264,0.0,30,8,13,,WTI-22OCT20-B83.5,between,83.99,83.0,,$83 to 83.99,finalized,2022-10-20 16:27:44,2022-10-20
4173,92,85,1546,1666283264,0.0,15,8,13,,WTI-22OCT20-B83.5,between,83.99,83.0,,$83 to 83.99,finalized,2022-10-20 16:27:44,2022-10-20
4174,91,85,1546,1666283264,0.0,15,9,13,,WTI-22OCT20-B83.5,between,83.99,83.0,,$83 to 83.99,finalized,2022-10-20 16:27:44,2022-10-20
4175,91,87,1546,1666283264,0.0,13,9,13,,WTI-22OCT20-B83.5,between,83.99,83.0,,$83 to 83.99,finalized,2022-10-20 16:27:44,2022-10-20
4176,66,55,1600,1666283264,0.0,45,34,44,,WTI-22OCT20-B84.5,between,84.99,84.0,,$84 to 84.99,finalized,2022-10-20 16:27:44,2022-10-20
4177,66,58,1600,1666283264,0.0,42,34,44,,WTI-22OCT20-B84.5,between,84.99,84.0,,$84 to 84.99,finalized,2022-10-20 16:27:44,2022-10-20
4178,100,55,1324,1666283264,0.0,45,0,31,,WTI-22OCT20-B85.5,between,85.99,85.0,,$85 to 85.99,finalized,2022-10-20 16:27:44,2022-10-20
4179,100,57,1324,1666283264,0.0,43,0,31,,WTI-22OCT20-B85.5,between,85.99,85.0,,$85 to 85.99,finalized,2022-10-20 16:27:44,2022-10-20
4180,68,57,1324,1666283264,0.0,43,32,31,,WTI-22OCT20-B85.5,between,85.99,85.0,,$85 to 85.99,finalized,2022-10-20 16:27:44,2022-10-20
4181,64,57,1324,1666283264,0.0,43,36,31,,WTI-22OCT20-B85.5,between,85.99,85.0,,$85 to 85.99,finalized,2022-10-20 16:27:44,2022-10-20
4182,64,59,1324,1666283264,0.0,41,36,31,,WTI-22OCT20-B85.5,between,85.99,85.0,,$85 to 85.99,finalized,2022-10-20 16:27:44,2022-10-20
4183,95,90,1202,1666283264,0.0,10,5,9,,WTI-22OCT20-B86.5,between,86.99,86.0,,$86 to 86.99,finalized,2022-10-20 16:27:44,2022-10-20
4184,66,60,1600,1666283265,0.0,40,34,44,,WTI-22OCT20-B84.5,between,84.99,84.0,,$84 to 84.99,finalized,2022-10-20 16:27:45,2022-10-20
4185,95,92,1202,1666283328,0.0,8,5,9,,WTI-22OCT20-B86.5,between,86.99,86.0,,$86 to 86.99,finalized,2022-10-20 16:28:48,2022-10-20
4186,95,94,1202,1666283347,0.0,6,5,9,,WTI-22OCT20-B86.5,between,86.99,86.0,,$86 to 86.99,finalized,2022-10-20 16:29:07,2022-10-20
4187,95,92,1202,1666283375,11.0,8,5,6,,WTI-22OCT20-B86.5,between,86.99,86.0,,$86 to 86.99,finalized,2022-10-20 16:29:35,2022-10-20
4188,92,87,1494,1666283378,52.0,13,8,9,,WTI-22OCT20-B83.5,between,83.99,83.0,,$83 to 83.99,finalized,2022-10-20 16:29:38,2022-10-20
4189,100,99,797,1666283380,0.0,1,0,7,,WTI-22OCT20-B87.5,between,87.99,87.0,,$87 to 87.99,finalized,2022-10-20 16:29:40,2022-10-20
4190,100,99,514,1666283397,0.0,1,0,4,,WTI-22OCT20-B88.5,between,88.99,88.0,,$88 to 88.99,finalized,2022-10-20 16:29:57,2022-10-20
4191,65,60,1600,1666283420,0.0,40,35,44,,WTI-22OCT20-B84.5,between,84.99,84.0,,$84 to 84.99,finalized,2022-10-20 16:30:20,2022-10-20
4192,95,94,1202,1666283437,0.0,6,5,6,,WTI-22OCT20-B86.5,between,86.99,86.0,,$86 to 86.99,finalized,2022-10-20 16:30:37,2022-10-20
4193,96,94,1202,1666283450,0.0,6,4,6,,WTI-22OCT20-B86.5,between,86.99,86.0,,$86 to 86.99,finalized,2022-10-20 16:30:50,2022-10-20
4194,100,94,1202,1666283450,0.0,6,0,6,,WTI-22OCT20-B86.5,between,86.99,86.0,,$86 to 86.99,finalized,2022-10-20 16:30:50,2022-10-20
4195,92,85,1494,1666283452,0.0,15,8,9,,WTI-22OCT20-B83.5,between,83.99,83.0,,$83 to 83.99,finalized,2022-10-20 16:30:52,2022-10-20
4196,92,70,1494,1666283452,0.0,30,8,9,,WTI-22OCT20-B83.5,between,83.99,83.0,,$83 to 83.99,finalized,2022-10-20 16:30:52,2022-10-20
4197,93,70,1494,1666283452,0.0,30,7,9,,WTI-22OCT20-B83.5,between,83.99,83.0,,$83 to 83.99,finalized,2022-10-20 16:30:52,2022-10-20
4198,65,58,1600,1666283452,0.0,42,35,44,,WTI-22OCT20-B84.5,between,84.99,84.0,,$84 to 84.99,finalized,2022-10-20 16:30:52,2022-10-20
4199,65,55,1600,1666283452,0.0,45,35,44,,WTI-22OCT20-B84.5,between,84.99,84.0,,$84 to 84.99,finalized,2022-10-20 16:30:52,2022-10-20
4200,66,59,1324,1666283452,0.0,41,34,31,,WTI-22OCT20-B85.5,between,85.99,85.0,,$85 to 85.99,finalized,2022-10-20 16:30:52,2022-10-20
4201,66,57,1324,1666283452,0.0,43,34,31,,WTI-22OCT20-B85.5,between,85.99,85.0,,$85 to 85.99,finalized,2022-10-20 16:30:52,2022-10-20
4202,100,57,1324,1666283452,0.0,43,0,31,,WTI-22OCT20-B85.5,between,85.99,85.0,,$85 to 85.99,finalized,2022-10-20 16:30:52,2022-10-20
4203,100,55,1324,1666283452,0.0,45,0,31,,WTI-22OCT20-B85.5,between,85.99,85.0,,$85 to 85.99,finalized,2022-10-20 16:30:52,2022-10-20
4204,72,55,1324,1666283454,0.0,45,28,31,,WTI-22OCT20-B85.5,between,85.99,85.0,,$85 to 85.99,finalized,2022-10-20 16:30:54,2022-10-20
4205,72,59,1324,1666283454,0.0,41,28,31,,WTI-22OCT20-B85.5,between,85.99,85.0,,$85 to 85.99,finalized,2022-10-20 16:30:54,2022-10-20
4206,97,94,1202,1666283458,0.0,6,3,6,,WTI-22OCT20-B86.5,between,86.99,86.0,,$86 to 86.99,finalized,2022-10-20 16:30:58,2022-10-20
4207,64,55,1600,1666283480,0.0,45,36,44,,WTI-22OCT20-B84.5,between,84.99,84.0,,$84 to 84.99,finalized,2022-10-20 16:31:20,2022-10-20
4208,72,55,1324,1666283484,0.0,45,28,31,,WTI-22OCT20-B85.5,between,85.99,85.0,,$85 to 85.99,finalized,2022-10-20 16:31:24,2022-10-20
4209,72,59,1324,1666283484,0.0,41,28,31,,WTI-22OCT20-B85.5,between,85.99,85.0,,$85 to 85.99,finalized,2022-10-20 16:31:24,2022-10-20
4210,65,55,1600,1666283509,0.0,45,35,44,,WTI-22OCT20-B84.5,between,84.99,84.0,,$84 to 84.99,finalized,2022-10-20 16:31:49,2022-10-20
4211,71,55,1324,1666283513,0.0,45,29,31,,WTI-22OCT20-B85.5,between,85.99,85.0,,$85 to 85.99,finalized,2022-10-20 16:31:53,2022-10-20
4212,71,58,1324,1666283514,0.0,42,29,31,,WTI-22OCT20-B85.5,between,85.99,85.0,,$85 to 85.99,finalized,2022-10-20 16:31:54,2022-10-20
4213,64,55,1600,1666283539,0.0,45,36,44,,WTI-22OCT20-B84.5,between,84.99,84.0,,$84 to 84.99,finalized,2022-10-20 16:32:19,2022-10-20
4214,72,55,1324,1666283543,0.0,45,28,31,,WTI-22OCT20-B85.5,between,85.99,85.0,,$85 to 85.99,finalized,2022-10-20 16:32:23,2022-10-20
4215,72,59,1324,1666283543,0.0,41,28,31,,WTI-22OCT20-B85.5,between,85.99,85.0,,$85 to 85.99,finalized,2022-10-20 16:32:23,2022-10-20
4216,63,55,1600,1666283569,0.0,45,37,44,,WTI-22OCT20-B84.5,between,84.99,84.0,,$84 to 84.99,finalized,2022-10-20 16:32:49,2022-10-20
4217,74,55,1324,1666283573,0.0,45,26,31,,WTI-22OCT20-B85.5,between,85.99,85.0,,$85 to 85.99,finalized,2022-10-20 16:32:53,2022-10-20
4218,74,61,1324,1666283573,0.0,39,26,31,,WTI-22OCT20-B85.5,between,85.99,85.0,,$85 to 85.99,finalized,2022-10-20 16:32:53,2022-10-20
4219,66,55,1600,1666283599,0.0,45,34,44,,WTI-22OCT20-B84.5,between,84.99,84.0,,$84 to 84.99,finalized,2022-10-20 16:33:19,2022-10-20
4220,71,55,1324,1666283603,0.0,45,29,31,,WTI-22OCT20-B85.5,between,85.99,85.0,,$85 to 85.99,finalized,2022-10-20 16:33:23,2022-10-20
4221,71,58,1324,1666283603,0.0,42,29,31,,WTI-22OCT20-B85.5,between,85.99,85.0,,$85 to 85.99,finalized,2022-10-20 16:33:23,2022-10-20
4222,96,94,1202,1666283607,0.0,6,4,6,,WTI-22OCT20-B86.5,between,86.99,86.0,,$86 to 86.99,finalized,2022-10-20 16:33:27,2022-10-20
4223,67,55,1600,1666283628,0.0,45,33,44,,WTI-22OCT20-B84.5,between,84.99,84.0,,$84 to 84.99,finalized,2022-10-20 16:33:48,2022-10-20
4224,68,55,1324,1666283632,0.0,45,32,31,,WTI-22OCT20-B85.5,between,85.99,85.0,,$85 to 85.99,finalized,2022-10-20 16:33:52,2022-10-20
4225,69,55,1324,1666283662,0.0,45,31,31,,WTI-22OCT20-B85.5,between,85.99,85.0,,$85 to 85.99,finalized,2022-10-20 16:34:22,2022-10-20
4226,69,56,1324,1666283662,0.0,44,31,31,,WTI-22OCT20-B85.5,between,85.99,85.0,,$85 to 85.99,finalized,2022-10-20 16:34:22,2022-10-20
4227,90,70,1494,1666283669,0.0,30,10,9,,WTI-22OCT20-B83.5,between,83.99,83.0,,$83 to 83.99,finalized,2022-10-20 16:34:29,2022-10-20
4228,90,81,1494,1666283669,0.0,19,10,9,,WTI-22OCT20-B83.5,between,83.99,83.0,,$83 to 83.99,finalized,2022-10-20 16:34:29,2022-10-20
4229,90,85,1494,1666283669,0.0,15,10,9,,WTI-22OCT20-B83.5,between,83.99,83.0,,$83 to 83.99,finalized,2022-10-20 16:34:29,2022-10-20
4230,89,85,1494,1666283669,0.0,15,11,9,,WTI-22OCT20-B83.5,between,83.99,83.0,,$83 to 83.99,finalized,2022-10-20 16:34:29,2022-10-20
4231,60,55,1600,1666283669,0.0,45,40,44,,WTI-22OCT20-B84.5,between,84.99,84.0,,$84 to 84.99,finalized,2022-10-20 16:34:29,2022-10-20
4232,69,66,1324,1666283669,0.0,34,31,31,,WTI-22OCT20-B85.5,between,85.99,85.0,,$85 to 85.99,finalized,2022-10-20 16:34:29,2022-10-20
4233,69,68,1324,1666283669,0.0,32,31,31,,WTI-22OCT20-B85.5,between,85.99,85.0,,$85 to 85.99,finalized,2022-10-20 16:34:29,2022-10-20
4234,58,55,1600,1666283670,0.0,45,42,44,,WTI-22OCT20-B84.5,between,84.99,84.0,,$84 to 84.99,finalized,2022-10-20 16:34:30,2022-10-20
4235,70,68,1324,1666283688,0.0,32,30,31,,WTI-22OCT20-B85.5,between,85.99,85.0,,$85 to 85.99,finalized,2022-10-20 16:34:48,2022-10-20
4236,70,66,1363,1666283698,39.0,34,30,32,,WTI-22OCT20-B85.5,between,85.99,85.0,,$85 to 85.99,finalized,2022-10-20 16:34:58,2022-10-20
4237,71,66,1363,1666283715,0.0,34,29,32,,WTI-22OCT20-B85.5,between,85.99,85.0,,$85 to 85.99,finalized,2022-10-20 16:35:15,2022-10-20
4238,100,98,733,1666283745,0.0,2,0,6,,WTI-22OCT20-B82.5,between,82.99,82.0,,$82 to 82.99,finalized,2022-10-20 16:35:45,2022-10-20
4239,99,98,733,1666283748,0.0,2,1,6,,WTI-22OCT20-B82.5,between,82.99,82.0,,$82 to 82.99,finalized,2022-10-20 16:35:48,2022-10-20
4240,89,83,1494,1666283748,0.0,17,11,9,,WTI-22OCT20-B83.5,between,83.99,83.0,,$83 to 83.99,finalized,2022-10-20 16:35:48,2022-10-20
4241,60,55,1600,1666283748,0.0,45,40,44,,WTI-22OCT20-B84.5,between,84.99,84.0,,$84 to 84.99,finalized,2022-10-20 16:35:48,2022-10-20
4242,99,55,1600,1666283748,0.0,45,1,44,,WTI-22OCT20-B84.5,between,84.99,84.0,,$84 to 84.99,finalized,2022-10-20 16:35:48,2022-10-20
4243,71,65,1363,1666283748,0.0,35,29,32,,WTI-22OCT20-B85.5,between,85.99,85.0,,$85 to 85.99,finalized,2022-10-20 16:35:48,2022-10-20
4244,89,70,1494,1666283749,0.0,30,11,9,,WTI-22OCT20-B83.5,between,83.99,83.0,,$83 to 83.99,finalized,2022-10-20 16:35:49,2022-10-20
4245,90,70,1494,1666283749,0.0,30,10,9,,WTI-22OCT20-B83.5,between,83.99,83.0,,$83 to 83.99,finalized,2022-10-20 16:35:49,2022-10-20
4246,93,70,1494,1666283749,0.0,30,7,9,,WTI-22OCT20-B83.5,between,83.99,83.0,,$83 to 83.99,finalized,2022-10-20 16:35:49,2022-10-20
4247,71,67,1363,1666283749,0.0,33,29,32,,WTI-22OCT20-B85.5,between,85.99,85.0,,$85 to 85.99,finalized,2022-10-20 16:35:49,2022-10-20
4248,95,94,1202,1666283749,0.0,6,5,6,,WTI-22OCT20-B86.5,between,86.99,86.0,,$86 to 86.99,finalized,2022-10-20 16:35:49,2022-10-20
4249,95,92,1214,1666283765,12.0,8,5,6,,WTI-22OCT20-B86.5,between,86.99,86.0,,$86 to 86.99,finalized,2022-10-20 16:36:05,2022-10-20
4250,66,55,1600,1666283767,0.0,45,34,44,,WTI-22OCT20-B84.5,between,84.99,84.0,,$84 to 84.99,finalized,2022-10-20 16:36:07,2022-10-20
4251,68,67,1363,1666283771,0.0,33,32,32,,WTI-22OCT20-B85.5,between,85.99,85.0,,$85 to 85.99,finalized,2022-10-20 16:36:11,2022-10-20
4252,68,65,1392,1666283773,29.0,35,32,33,,WTI-22OCT20-B85.5,between,85.99,85.0,,$85 to 85.99,finalized,2022-10-20 16:36:13,2022-10-20
4253,66,58,1600,1666283777,0.0,42,34,44,,WTI-22OCT20-B84.5,between,84.99,84.0,,$84 to 84.99,finalized,2022-10-20 16:36:17,2022-10-20
4254,100,55,797,1666283789,111.0,45,0,1,,WTI-22OCT20-B87.5,between,87.99,87.0,,$87 to 87.99,finalized,2022-10-20 16:36:29,2022-10-20
4255,68,58,1600,1666283796,0.0,42,32,44,,WTI-22OCT20-B84.5,between,84.99,84.0,,$84 to 84.99,finalized,2022-10-20 16:36:36,2022-10-20
4256,67,65,1392,1666283801,0.0,35,33,33,,WTI-22OCT20-B85.5,between,85.99,85.0,,$85 to 85.99,finalized,2022-10-20 16:36:41,2022-10-20
4257,71,65,1392,1666283812,0.0,35,29,33,,WTI-22OCT20-B85.5,between,85.99,85.0,,$85 to 85.99,finalized,2022-10-20 16:36:52,2022-10-20
4258,95,91,1214,1666283812,0.0,9,5,6,,WTI-22OCT20-B86.5,between,86.99,86.0,,$86 to 86.99,finalized,2022-10-20 16:36:52,2022-10-20
4259,100,99,733,1666283816,751.0,1,0,1,,WTI-22OCT20-B82.5,between,82.99,82.0,,$82 to 82.99,finalized,2022-10-20 16:36:56,2022-10-20
4260,95,90,1257,1666283823,43.0,10,5,9,,WTI-22OCT20-B86.5,between,86.99,86.0,,$86 to 86.99,finalized,2022-10-20 16:37:03,2022-10-20
4261,100,98,733,1666283828,0.0,2,0,1,,WTI-22OCT20-B82.5,between,82.99,82.0,,$82 to 82.99,finalized,2022-10-20 16:37:08,2022-10-20
4262,100,96,733,1666283828,0.0,4,0,1,,WTI-22OCT20-B82.5,between,82.99,82.0,,$82 to 82.99,finalized,2022-10-20 16:37:08,2022-10-20
4263,67,65,1392,1666283830,0.0,35,33,33,,WTI-22OCT20-B85.5,between,85.99,85.0,,$85 to 85.99,finalized,2022-10-20 16:37:10,2022-10-20
4264,100,99,733,1666283847,0.0,1,0,1,,WTI-22OCT20-B82.5,between,82.99,82.0,,$82 to 82.99,finalized,2022-10-20 16:37:27,2022-10-20
4265,71,65,1397,1666283857,5.0,35,29,35,,WTI-22OCT20-B85.5,between,85.99,85.0,,$85 to 85.99,finalized,2022-10-20 16:37:37,2022-10-20
4266,67,65,1397,1666283859,0.0,35,33,35,,WTI-22OCT20-B85.5,between,85.99,85.0,,$85 to 85.99,finalized,2022-10-20 16:37:39,2022-10-20
4267,99,98,733,1666283864,22.0,2,1,1,,WTI-22OCT20-B82.5,between,82.99,82.0,,$82 to 82.99,finalized,2022-10-20 16:37:44,2022-10-20
4268,67,65,1397,1666283864,21.0,35,33,33,,WTI-22OCT20-B85.5,between,85.99,85.0,,$85 to 85.99,finalized,2022-10-20 16:37:44,2022-10-20
4269,95,92,1257,1666283864,0.0,8,5,9,,WTI-22OCT20-B86.5,between,86.99,86.0,,$86 to 86.99,finalized,2022-10-20 16:37:44,2022-10-20
4270,67,65,1397,1666283865,19.0,35,33,33,,WTI-22OCT20-B85.5,between,85.99,85.0,,$85 to 85.99,finalized,2022-10-20 16:37:45,2022-10-20
4271,67,58,1600,1666283884,0.0,42,33,44,,WTI-22OCT20-B84.5,between,84.99,84.0,,$84 to 84.99,finalized,2022-10-20 16:38:04,2022-10-20
4272,68,65,1397,1666283888,0.0,35,32,33,,WTI-22OCT20-B85.5,between,85.99,85.0,,$85 to 85.99,finalized,2022-10-20 16:38:08,2022-10-20
4273,100,98,733,1666283911,45.0,2,0,1,,WTI-22OCT20-B82.5,between,82.99,82.0,,$82 to 82.99,finalized,2022-10-20 16:38:31,2022-10-20
4274,74,65,1397,1666283911,0.0,35,26,33,,WTI-22OCT20-B85.5,between,85.99,85.0,,$85 to 85.99,finalized,2022-10-20 16:38:31,2022-10-20
4275,72,65,1397,1666283911,0.0,35,28,33,,WTI-22OCT20-B85.5,between,85.99,85.0,,$85 to 85.99,finalized,2022-10-20 16:38:31,2022-10-20
4276,70,65,1397,1666283911,0.0,35,30,33,,WTI-22OCT20-B85.5,between,85.99,85.0,,$85 to 85.99,finalized,2022-10-20 16:38:31,2022-10-20
4277,70,64,1397,1666283911,0.0,36,30,33,,WTI-22OCT20-B85.5,between,85.99,85.0,,$85 to 85.99,finalized,2022-10-20 16:38:31,2022-10-20
4278,96,92,1257,1666283911,0.0,8,4,9,,WTI-22OCT20-B86.5,between,86.99,86.0,,$86 to 86.99,finalized,2022-10-20 16:38:31,2022-10-20
4279,96,93,1257,1666283911,0.0,7,4,9,,WTI-22OCT20-B86.5,between,86.99,86.0,,$86 to 86.99,finalized,2022-10-20 16:38:31,2022-10-20
4280,69,58,1600,1666283913,0.0,42,31,44,,WTI-22OCT20-B84.5,between,84.99,84.0,,$84 to 84.99,finalized,2022-10-20 16:38:33,2022-10-20
4281,100,97,733,1666283917,0.0,3,0,1,,WTI-22OCT20-B82.5,between,82.99,82.0,,$82 to 82.99,finalized,2022-10-20 16:38:37,2022-10-20
4282,100,96,733,1666283917,0.0,4,0,1,,WTI-22OCT20-B82.5,between,82.99,82.0,,$82 to 82.99,finalized,2022-10-20 16:38:37,2022-10-20
4283,65,64,1397,1666283918,0.0,36,35,33,,WTI-22OCT20-B85.5,between,85.99,85.0,,$85 to 85.99,finalized,2022-10-20 16:38:38,2022-10-20
4284,99,96,733,1666283939,0.0,4,1,1,,WTI-22OCT20-B82.5,between,82.99,82.0,,$82 to 82.99,finalized,2022-10-20 16:38:59,2022-10-20
4285,66,64,1397,1666283949,0.0,36,34,33,,WTI-22OCT20-B85.5,between,85.99,85.0,,$85 to 85.99,finalized,2022-10-20 16:39:09,2022-10-20
4286,100,96,733,1666283951,0.0,4,0,1,,WTI-22OCT20-B82.5,between,82.99,82.0,,$82 to 82.99,finalized,2022-10-20 16:39:11,2022-10-20
4287,100,96,733,1666283959,7.0,4,0,4,,WTI-22OCT20-B82.5,between,82.99,82.0,,$82 to 82.99,finalized,2022-10-20 16:39:19,2022-10-20
4288,94,93,1257,1666283966,0.0,7,6,9,,WTI-22OCT20-B86.5,between,86.99,86.0,,$86 to 86.99,finalized,2022-10-20 16:39:26,2022-10-20
4289,100,97,733,1666283967,0.0,3,0,4,,WTI-22OCT20-B82.5,between,82.99,82.0,,$82 to 82.99,finalized,2022-10-20 16:39:27,2022-10-20
4290,70,64,1397,1666283967,0.0,36,30,33,,WTI-22OCT20-B85.5,between,85.99,85.0,,$85 to 85.99,finalized,2022-10-20 16:39:27,2022-10-20
4291,70,62,1397,1666283967,0.0,38,30,33,,WTI-22OCT20-B85.5,between,85.99,85.0,,$85 to 85.99,finalized,2022-10-20 16:39:27,2022-10-20
4292,100,62,1397,1666283967,0.0,38,0,33,,WTI-22OCT20-B85.5,between,85.99,85.0,,$85 to 85.99,finalized,2022-10-20 16:39:27,2022-10-20
4293,100,55,1397,1666283967,0.0,45,0,33,,WTI-22OCT20-B85.5,between,85.99,85.0,,$85 to 85.99,finalized,2022-10-20 16:39:27,2022-10-20
4294,94,90,1257,1666283967,0.0,10,6,9,,WTI-22OCT20-B86.5,between,86.99,86.0,,$86 to 86.99,finalized,2022-10-20 16:39:27,2022-10-20
4295,94,90,1257,1666283968,30.0,10,6,6,,WTI-22OCT20-B86.5,between,86.99,86.0,,$86 to 86.99,finalized,2022-10-20 16:39:28,2022-10-20
4296,70,58,1600,1666283975,0.0,42,30,44,,WTI-22OCT20-B84.5,between,84.99,84.0,,$84 to 84.99,finalized,2022-10-20 16:39:35,2022-10-20
4297,65,55,1397,1666283979,0.0,45,35,33,,WTI-22OCT20-B85.5,between,85.99,85.0,,$85 to 85.99,finalized,2022-10-20 16:39:39,2022-10-20
4298,97,93,1519,1666284004,25.0,7,3,7,,WTI-22OCT20-B83.5,between,83.99,83.0,,$83 to 83.99,finalized,2022-10-20 16:40:04,2022-10-20
4299,94,89,1295,1666284033,38.0,11,6,10,,WTI-22OCT20-B86.5,between,86.99,86.0,,$86 to 86.99,finalized,2022-10-20 16:40:33,2022-10-20
4300,64,55,1397,1666284040,0.0,45,36,33,,WTI-22OCT20-B85.5,between,85.99,85.0,,$85 to 85.99,finalized,2022-10-20 16:40:40,2022-10-20
4301,64,56,1397,1666284041,0.0,44,36,33,,WTI-22OCT20-B85.5,between,85.99,85.0,,$85 to 85.99,finalized,2022-10-20 16:40:41,2022-10-20
4302,64,58,1397,1666284041,0.0,42,36,33,,WTI-22OCT20-B85.5,between,85.99,85.0,,$85 to 85.99,finalized,2022-10-20 16:40:41,2022-10-20
4303,64,60,1397,1666284041,0.0,40,36,33,,WTI-22OCT20-B85.5,between,85.99,85.0,,$85 to 85.99,finalized,2022-10-20 16:40:41,2022-10-20
4304,100,96,733,1666284042,0.0,4,0,4,,WTI-22OCT20-B82.5,between,82.99,82.0,,$82 to 82.99,finalized,2022-10-20 16:40:42,2022-10-20
4305,100,55,733,1666284042,0.0,45,0,4,,WTI-22OCT20-B82.5,between,82.99,82.0,,$82 to 82.99,finalized,2022-10-20 16:40:42,2022-10-20
4306,65,58,1600,1666284042,0.0,42,35,44,,WTI-22OCT20-B84.5,between,84.99,84.0,,$84 to 84.99,finalized,2022-10-20 16:40:42,2022-10-20
4307,63,58,1600,1666284042,0.0,42,37,44,,WTI-22OCT20-B84.5,between,84.99,84.0,,$84 to 84.99,finalized,2022-10-20 16:40:42,2022-10-20
4308,94,91,1295,1666284042,0.0,9,6,10,,WTI-22OCT20-B86.5,between,86.99,86.0,,$86 to 86.99,finalized,2022-10-20 16:40:42,2022-10-20
4309,94,89,1321,1666284062,26.0,11,6,9,,WTI-22OCT20-B86.5,between,86.99,86.0,,$86 to 86.99,finalized,2022-10-20 16:41:02,2022-10-20
4310,63,58,1590,1666284083,10.0,42,37,37,,WTI-22OCT20-B84.5,between,84.99,84.0,,$84 to 84.99,finalized,2022-10-20 16:41:23,2022-10-20
4311,63,58,1580,1666284091,10.0,42,37,37,,WTI-22OCT20-B84.5,between,84.99,84.0,,$84 to 84.99,finalized,2022-10-20 16:41:31,2022-10-20
4312,65,58,1569,1666284093,11.0,42,35,37,,WTI-22OCT20-B84.5,between,84.99,84.0,,$84 to 84.99,finalized,2022-10-20 16:41:33,2022-10-20
4313,65,61,1569,1666284095,0.0,39,35,37,,WTI-22OCT20-B84.5,between,84.99,84.0,,$84 to 84.99,finalized,2022-10-20 16:41:35,2022-10-20
4314,65,61,1559,1666284098,10.0,39,35,35,,WTI-22OCT20-B84.5,between,84.99,84.0,,$84 to 84.99,finalized,2022-10-20 16:41:38,2022-10-20
4315,62,60,1397,1666284100,0.0,40,38,33,,WTI-22OCT20-B85.5,between,85.99,85.0,,$85 to 85.99,finalized,2022-10-20 16:41:40,2022-10-20
4316,67,61,1545,1666284102,14.0,39,33,35,,WTI-22OCT20-B84.5,between,84.99,84.0,,$84 to 84.99,finalized,2022-10-20 16:41:42,2022-10-20
4317,94,89,1321,1666284102,10.0,11,6,11,,WTI-22OCT20-B86.5,between,86.99,86.0,,$86 to 86.99,finalized,2022-10-20 16:41:42,2022-10-20
4318,93,89,1321,1666284105,0.0,11,7,11,,WTI-22OCT20-B86.5,between,86.99,86.0,,$86 to 86.99,finalized,2022-10-20 16:41:45,2022-10-20
4319,99,61,1545,1666284110,0.0,39,1,35,,WTI-22OCT20-B84.5,between,84.99,84.0,,$84 to 84.99,finalized,2022-10-20 16:41:50,2022-10-20
4320,62,60,1397,1666284110,24.0,40,38,38,,WTI-22OCT20-B85.5,between,85.99,85.0,,$85 to 85.99,finalized,2022-10-20 16:41:50,2022-10-20
4321,93,89,1321,1666284110,10.0,11,7,11,,WTI-22OCT20-B86.5,between,86.99,86.0,,$86 to 86.99,finalized,2022-10-20 16:41:50,2022-10-20
4322,93,88,1324,1666284110,3.0,12,7,11,,WTI-22OCT20-B86.5,between,86.99,86.0,,$86 to 86.99,finalized,2022-10-20 16:41:50,2022-10-20
4323,93,88,1324,1666284124,10.0,12,7,12,,WTI-22OCT20-B86.5,between,86.99,86.0,,$86 to 86.99,finalized,2022-10-20 16:42:04,2022-10-20
4324,74,58,1545,1666284127,0.0,42,26,35,,WTI-22OCT20-B84.5,between,84.99,84.0,,$84 to 84.99,finalized,2022-10-20 16:42:07,2022-10-20
4325,74,61,1545,1666284127,0.0,39,26,35,,WTI-22OCT20-B84.5,between,84.99,84.0,,$84 to 84.99,finalized,2022-10-20 16:42:07,2022-10-20
4326,61,60,1397,1666284131,0.0,40,39,38,,WTI-22OCT20-B85.5,between,85.99,85.0,,$85 to 85.99,finalized,2022-10-20 16:42:11,2022-10-20
4327,74,58,1545,1666284156,0.0,42,26,35,,WTI-22OCT20-B84.5,between,84.99,84.0,,$84 to 84.99,finalized,2022-10-20 16:42:36,2022-10-20
4328,74,61,1545,1666284157,2789.0,39,26,35,,WTI-22OCT20-B84.5,between,84.99,84.0,,$84 to 84.99,finalized,2022-10-20 16:42:37,2022-10-20
4329,62,60,1397,1666284161,0.0,40,38,38,,WTI-22OCT20-B85.5,between,85.99,85.0,,$85 to 85.99,finalized,2022-10-20 16:42:41,2022-10-20
4330,62,59,1397,1666284165,0.0,41,38,38,,WTI-22OCT20-B85.5,between,85.99,85.0,,$85 to 85.99,finalized,2022-10-20 16:42:45,2022-10-20
4331,93,89,1324,1666284165,0.0,11,7,12,,WTI-22OCT20-B86.5,between,86.99,86.0,,$86 to 86.99,finalized,2022-10-20 16:42:45,2022-10-20
4332,93,89,1324,1666284174,10.0,11,7,11,,WTI-22OCT20-B86.5,between,86.99,86.0,,$86 to 86.99,finalized,2022-10-20 16:42:54,2022-10-20
4333,93,89,1324,1666284182,10.0,11,7,11,,WTI-22OCT20-B86.5,between,86.99,86.0,,$86 to 86.99,finalized,2022-10-20 16:43:02,2022-10-20
4334,74,58,1545,1666284186,0.0,42,26,35,,WTI-22OCT20-B84.5,between,84.99,84.0,,$84 to 84.99,finalized,2022-10-20 16:43:06,2022-10-20
4335,74,61,1545,1666284187,0.0,39,26,35,,WTI-22OCT20-B84.5,between,84.99,84.0,,$84 to 84.99,finalized,2022-10-20 16:43:07,2022-10-20
4336,72,58,1545,1666284217,0.0,42,28,35,,WTI-22OCT20-B84.5,between,84.99,84.0,,$84 to 84.99,finalized,2022-10-20 16:43:37,2022-10-20
4337,72,59,1545,1666284218,0.0,41,28,35,,WTI-22OCT20-B84.5,between,84.99,84.0,,$84 to 84.99,finalized,2022-10-20 16:43:38,2022-10-20
4338,62,57,1397,1666284227,0.0,43,38,38,,WTI-22OCT20-B85.5,between,85.99,85.0,,$85 to 85.99,finalized,2022-10-20 16:43:47,2022-10-20
4339,62,56,1397,1666284227,0.0,44,38,38,,WTI-22OCT20-B85.5,between,85.99,85.0,,$85 to 85.99,finalized,2022-10-20 16:43:47,2022-10-20
4340,92,89,1324,1666284227,0.0,11,8,11,,WTI-22OCT20-B86.5,between,86.99,86.0,,$86 to 86.99,finalized,2022-10-20 16:43:47,2022-10-20
4341,92,88,1324,1666284227,0.0,12,8,11,,WTI-22OCT20-B86.5,between,86.99,86.0,,$86 to 86.99,finalized,2022-10-20 16:43:47,2022-10-20
4342,69,58,1545,1666284247,0.0,42,31,35,,WTI-22OCT20-B84.5,between,84.99,84.0,,$84 to 84.99,finalized,2022-10-20 16:44:07,2022-10-20
4343,70,58,1545,1666284277,0.0,42,30,35,,WTI-22OCT20-B84.5,between,84.99,84.0,,$84 to 84.99,finalized,2022-10-20 16:44:37,2022-10-20
4344,99,60,1545,1666284291,0.0,40,1,35,,WTI-22OCT20-B84.5,between,84.99,84.0,,$84 to 84.99,finalized,2022-10-20 16:44:51,2022-10-20
4345,66,60,1545,1666284291,0.0,40,34,35,,WTI-22OCT20-B84.5,between,84.99,84.0,,$84 to 84.99,finalized,2022-10-20 16:44:51,2022-10-20
4346,64,56,1397,1666284291,0.0,44,36,38,,WTI-22OCT20-B85.5,between,85.99,85.0,,$85 to 85.99,finalized,2022-10-20 16:44:51,2022-10-20
4347,64,55,1397,1666284291,0.0,45,36,38,,WTI-22OCT20-B85.5,between,85.99,85.0,,$85 to 85.99,finalized,2022-10-20 16:44:51,2022-10-20
4348,93,88,1324,1666284291,0.0,12,7,11,,WTI-22OCT20-B86.5,between,86.99,86.0,,$86 to 86.99,finalized,2022-10-20 16:44:51,2022-10-20
4349,98,93,1519,1666284293,0.0,7,2,7,,WTI-22OCT20-B83.5,between,83.99,83.0,,$83 to 83.99,finalized,2022-10-20 16:44:53,2022-10-20
4350,95,93,1519,1666284293,0.0,7,5,7,,WTI-22OCT20-B83.5,between,83.99,83.0,,$83 to 83.99,finalized,2022-10-20 16:44:53,2022-10-20
4351,93,89,1519,1666284293,5.0,11,7,7,,WTI-22OCT20-B83.5,between,83.99,83.0,,$83 to 83.99,finalized,2022-10-20 16:44:53,2022-10-20
4352,93,90,1519,1666284293,0.0,10,7,7,,WTI-22OCT20-B83.5,between,83.99,83.0,,$83 to 83.99,finalized,2022-10-20 16:44:53,2022-10-20
4353,63,55,1397,1666284293,0.0,45,37,38,,WTI-22OCT20-B85.5,between,85.99,85.0,,$85 to 85.99,finalized,2022-10-20 16:44:53,2022-10-20
4354,63,57,1397,1666284293,0.0,43,37,38,,WTI-22OCT20-B85.5,between,85.99,85.0,,$85 to 85.99,finalized,2022-10-20 16:44:53,2022-10-20
4355,93,89,1324,1666284293,0.0,11,7,11,,WTI-22OCT20-B86.5,between,86.99,86.0,,$86 to 86.99,finalized,2022-10-20 16:44:53,2022-10-20
4356,65,60,1545,1666284338,0.0,40,35,35,,WTI-22OCT20-B84.5,between,84.99,84.0,,$84 to 84.99,finalized,2022-10-20 16:45:38,2022-10-20
4357,64,60,1545,1666284369,0.0,40,36,35,,WTI-22OCT20-B84.5,between,84.99,84.0,,$84 to 84.99,finalized,2022-10-20 16:46:09,2022-10-20
4358,94,90,1519,1666284383,0.0,10,6,7,,WTI-22OCT20-B83.5,between,83.99,83.0,,$83 to 83.99,finalized,2022-10-20 16:46:23,2022-10-20
4359,64,58,1545,1666284384,0.0,42,36,35,,WTI-22OCT20-B84.5,between,84.99,84.0,,$84 to 84.99,finalized,2022-10-20 16:46:24,2022-10-20
4360,64,59,1545,1666284384,0.0,41,36,35,,WTI-22OCT20-B84.5,between,84.99,84.0,,$84 to 84.99,finalized,2022-10-20 16:46:24,2022-10-20
4361,64,61,1545,1666284384,0.0,39,36,35,,WTI-22OCT20-B84.5,between,84.99,84.0,,$84 to 84.99,finalized,2022-10-20 16:46:24,2022-10-20
4362,65,57,1397,1666284384,0.0,43,35,38,,WTI-22OCT20-B85.5,between,85.99,85.0,,$85 to 85.99,finalized,2022-10-20 16:46:24,2022-10-20
4363,70,57,1397,1666284384,0.0,43,30,38,,WTI-22OCT20-B85.5,between,85.99,85.0,,$85 to 85.99,finalized,2022-10-20 16:46:24,2022-10-20
4364,62,57,1397,1666284384,0.0,43,38,38,,WTI-22OCT20-B85.5,between,85.99,85.0,,$85 to 85.99,finalized,2022-10-20 16:46:24,2022-10-20
4365,92,89,1324,1666284384,0.0,11,8,11,,WTI-22OCT20-B86.5,between,86.99,86.0,,$86 to 86.99,finalized,2022-10-20 16:46:24,2022-10-20
4366,62,56,1397,1666284385,0.0,44,38,38,,WTI-22OCT20-B85.5,between,85.99,85.0,,$85 to 85.99,finalized,2022-10-20 16:46:25,2022-10-20
4367,62,57,1397,1666284402,0.0,43,38,38,,WTI-22OCT20-B85.5,between,85.99,85.0,,$85 to 85.99,finalized,2022-10-20 16:46:42,2022-10-20
4368,94,89,1549,1666284406,30.0,11,6,10,,WTI-22OCT20-B83.5,between,83.99,83.0,,$83 to 83.99,finalized,2022-10-20 16:46:46,2022-10-20
4369,64,61,1550,1666284409,5.0,39,36,39,,WTI-22OCT20-B84.5,between,84.99,84.0,,$84 to 84.99,finalized,2022-10-20 16:46:49,2022-10-20
4370,67,59,1580,1666284427,30.0,41,33,39,,WTI-22OCT20-B84.5,between,84.99,84.0,,$84 to 84.99,finalized,2022-10-20 16:47:07,2022-10-20
4371,63,59,1580,1666284428,0.0,41,37,39,,WTI-22OCT20-B84.5,between,84.99,84.0,,$84 to 84.99,finalized,2022-10-20 16:47:08,2022-10-20
4372,62,56,1397,1666284432,0.0,44,38,38,,WTI-22OCT20-B85.5,between,85.99,85.0,,$85 to 85.99,finalized,2022-10-20 16:47:12,2022-10-20
4373,64,56,1359,1666284439,38.0,44,36,38,,WTI-22OCT20-B85.5,between,85.99,85.0,,$85 to 85.99,finalized,2022-10-20 16:47:19,2022-10-20
4374,67,59,1580,1666284450,0.0,41,33,39,,WTI-22OCT20-B84.5,between,84.99,84.0,,$84 to 84.99,finalized,2022-10-20 16:47:30,2022-10-20
4375,93,89,1324,1666284451,0.0,11,7,11,,WTI-22OCT20-B86.5,between,86.99,86.0,,$86 to 86.99,finalized,2022-10-20 16:47:31,2022-10-20
4376,94,89,1324,1666284451,0.0,11,6,11,,WTI-22OCT20-B86.5,between,86.99,86.0,,$86 to 86.99,finalized,2022-10-20 16:47:31,2022-10-20
4377,93,89,1324,1666284451,0.0,11,7,11,,WTI-22OCT20-B86.5,between,86.99,86.0,,$86 to 86.99,finalized,2022-10-20 16:47:31,2022-10-20
4378,70,59,1580,1666284452,0.0,41,30,39,,WTI-22OCT20-B84.5,between,84.99,84.0,,$84 to 84.99,finalized,2022-10-20 16:47:32,2022-10-20
4379,68,59,1580,1666284452,0.0,41,32,39,,WTI-22OCT20-B84.5,between,84.99,84.0,,$84 to 84.99,finalized,2022-10-20 16:47:32,2022-10-20
4380,66,59,1580,1666284452,0.0,41,34,39,,WTI-22OCT20-B84.5,between,84.99,84.0,,$84 to 84.99,finalized,2022-10-20 16:47:32,2022-10-20
4381,65,59,1580,1666284459,0.0,41,35,39,,WTI-22OCT20-B84.5,between,84.99,84.0,,$84 to 84.99,finalized,2022-10-20 16:47:39,2022-10-20
4382,66,59,1580,1666284490,0.0,41,34,39,,WTI-22OCT20-B84.5,between,84.99,84.0,,$84 to 84.99,finalized,2022-10-20 16:48:10,2022-10-20
4383,94,88,1549,1666284528,0.0,12,6,10,,WTI-22OCT20-B83.5,between,83.99,83.0,,$83 to 83.99,finalized,2022-10-20 16:48:48,2022-10-20
4384,67,59,1580,1666284528,0.0,41,33,39,,WTI-22OCT20-B84.5,between,84.99,84.0,,$84 to 84.99,finalized,2022-10-20 16:48:48,2022-10-20
4385,67,55,1580,1666284528,0.0,45,33,39,,WTI-22OCT20-B84.5,between,84.99,84.0,,$84 to 84.99,finalized,2022-10-20 16:48:48,2022-10-20
4386,65,56,1359,1666284528,0.0,44,35,38,,WTI-22OCT20-B85.5,between,85.99,85.0,,$85 to 85.99,finalized,2022-10-20 16:48:48,2022-10-20
4387,65,55,1359,1666284528,0.0,45,35,38,,WTI-22OCT20-B85.5,between,85.99,85.0,,$85 to 85.99,finalized,2022-10-20 16:48:48,2022-10-20
4388,65,63,1359,1666284528,0.0,37,35,38,,WTI-22OCT20-B85.5,between,85.99,85.0,,$85 to 85.99,finalized,2022-10-20 16:48:48,2022-10-20
4389,93,90,1324,1666284528,0.0,10,7,11,,WTI-22OCT20-B86.5,between,86.99,86.0,,$86 to 86.99,finalized,2022-10-20 16:48:48,2022-10-20
4390,93,91,1324,1666284528,2384.0,9,7,11,,WTI-22OCT20-B86.5,between,86.99,86.0,,$86 to 86.99,finalized,2022-10-20 16:48:48,2022-10-20
4391,95,91,1324,1666284528,0.0,9,5,11,,WTI-22OCT20-B86.5,between,86.99,86.0,,$86 to 86.99,finalized,2022-10-20 16:48:48,2022-10-20
4392,93,88,1549,1666284530,0.0,12,7,10,,WTI-22OCT20-B83.5,between,83.99,83.0,,$83 to 83.99,finalized,2022-10-20 16:48:50,2022-10-20
4393,92,88,1549,1666284530,0.0,12,8,10,,WTI-22OCT20-B83.5,between,83.99,83.0,,$83 to 83.99,finalized,2022-10-20 16:48:50,2022-10-20
4394,62,55,1580,1666284530,0.0,45,38,39,,WTI-22OCT20-B84.5,between,84.99,84.0,,$84 to 84.99,finalized,2022-10-20 16:48:50,2022-10-20
4395,60,55,1580,1666284530,0.0,45,40,39,,WTI-22OCT20-B84.5,between,84.99,84.0,,$84 to 84.99,finalized,2022-10-20 16:48:50,2022-10-20
4396,64,63,1359,1666284553,0.0,37,36,38,,WTI-22OCT20-B85.5,between,85.99,85.0,,$85 to 85.99,finalized,2022-10-20 16:49:13,2022-10-20
4397,60,56,1580,1666284578,0.0,44,40,39,,WTI-22OCT20-B84.5,between,84.99,84.0,,$84 to 84.99,finalized,2022-10-20 16:49:38,2022-10-20
4398,69,61,1359,1666284583,57.0,39,31,37,,WTI-22OCT20-B85.5,between,85.99,85.0,,$85 to 85.99,finalized,2022-10-20 16:49:43,2022-10-20
4399,63,61,1359,1666284583,0.0,39,37,37,,WTI-22OCT20-B85.5,between,85.99,85.0,,$85 to 85.99,finalized,2022-10-20 16:49:43,2022-10-20
4400,60,55,1580,1666284609,0.0,45,40,39,,WTI-22OCT20-B84.5,between,84.99,84.0,,$84 to 84.99,finalized,2022-10-20 16:50:09,2022-10-20
4401,64,61,1359,1666284613,5454.0,39,36,37,,WTI-22OCT20-B85.5,between,85.99,85.0,,$85 to 85.99,finalized,2022-10-20 16:50:13,2022-10-20
4402,65,61,1359,1666284672,0.0,39,35,37,,WTI-22OCT20-B85.5,between,85.99,85.0,,$85 to 85.99,finalized,2022-10-20 16:51:12,2022-10-20
4403,69,61,1359,1666284687,0.0,39,31,37,,WTI-22OCT20-B85.5,between,85.99,85.0,,$85 to 85.99,finalized,2022-10-20 16:51:27,2022-10-20
4404,69,55,1359,1666284687,0.0,45,31,37,,WTI-22OCT20-B85.5,between,85.99,85.0,,$85 to 85.99,finalized,2022-10-20 16:51:27,2022-10-20
4405,71,55,1359,1666284688,0.0,45,29,37,,WTI-22OCT20-B85.5,between,85.99,85.0,,$85 to 85.99,finalized,2022-10-20 16:51:28,2022-10-20
4406,100,55,1359,1666284688,0.0,45,0,37,,WTI-22OCT20-B85.5,between,85.99,85.0,,$85 to 85.99,finalized,2022-10-20 16:51:28,2022-10-20
4407,95,90,1324,1666284688,0.0,10,5,11,,WTI-22OCT20-B86.5,between,86.99,86.0,,$86 to 86.99,finalized,2022-10-20 16:51:28,2022-10-20
4408,95,89,1324,1666284688,0.0,11,5,11,,WTI-22OCT20-B86.5,between,86.99,86.0,,$86 to 86.99,finalized,2022-10-20 16:51:28,2022-10-20
4409,100,89,1324,1666284688,0.0,11,0,11,,WTI-22OCT20-B86.5,between,86.99,86.0,,$86 to 86.99,finalized,2022-10-20 16:51:28,2022-10-20
4410,100,55,1324,1666284688,0.0,45,0,11,,WTI-22OCT20-B86.5,between,86.99,86.0,,$86 to 86.99,finalized,2022-10-20 16:51:28,2022-10-20
4411,92,87,1549,1666284690,0.0,13,8,10,,WTI-22OCT20-B83.5,between,83.99,83.0,,$83 to 83.99,finalized,2022-10-20 16:51:30,2022-10-20
4412,92,70,1549,1666284690,0.0,30,8,10,,WTI-22OCT20-B83.5,between,83.99,83.0,,$83 to 83.99,finalized,2022-10-20 16:51:30,2022-10-20
4413,99,55,1580,1666284690,0.0,45,1,39,,WTI-22OCT20-B84.5,between,84.99,84.0,,$84 to 84.99,finalized,2022-10-20 16:51:30,2022-10-20
4414,98,70,1549,1666284693,0.0,30,2,10,,WTI-22OCT20-B83.5,between,83.99,83.0,,$83 to 83.99,finalized,2022-10-20 16:51:33,2022-10-20
4415,97,70,1549,1666284694,0.0,30,3,10,,WTI-22OCT20-B83.5,between,83.99,83.0,,$83 to 83.99,finalized,2022-10-20 16:51:34,2022-10-20
4416,67,55,1580,1666284697,0.0,45,33,39,,WTI-22OCT20-B84.5,between,84.99,84.0,,$84 to 84.99,finalized,2022-10-20 16:51:37,2022-10-20
4417,64,55,1359,1666284701,0.0,45,36,37,,WTI-22OCT20-B85.5,between,85.99,85.0,,$85 to 85.99,finalized,2022-10-20 16:51:41,2022-10-20
4418,96,55,1324,1666284705,0.0,45,4,11,,WTI-22OCT20-B86.5,between,86.99,86.0,,$86 to 86.99,finalized,2022-10-20 16:51:45,2022-10-20
4419,68,55,1580,1666284726,0.0,45,32,39,,WTI-22OCT20-B84.5,between,84.99,84.0,,$84 to 84.99,finalized,2022-10-20 16:52:06,2022-10-20
4420,63,55,1359,1666284730,0.0,45,37,37,,WTI-22OCT20-B85.5,between,85.99,85.0,,$85 to 85.99,finalized,2022-10-20 16:52:10,2022-10-20
4421,95,55,1324,1666284734,0.0,45,5,11,,WTI-22OCT20-B86.5,between,86.99,86.0,,$86 to 86.99,finalized,2022-10-20 16:52:14,2022-10-20
4422,69,55,1580,1666284756,0.0,45,31,39,,WTI-22OCT20-B84.5,between,84.99,84.0,,$84 to 84.99,finalized,2022-10-20 16:52:36,2022-10-20
4423,69,56,1580,1666284756,0.0,44,31,39,,WTI-22OCT20-B84.5,between,84.99,84.0,,$84 to 84.99,finalized,2022-10-20 16:52:36,2022-10-20
4424,64,55,1359,1666284760,0.0,45,36,37,,WTI-22OCT20-B85.5,between,85.99,85.0,,$85 to 85.99,finalized,2022-10-20 16:52:40,2022-10-20
4425,66,55,1580,1666284784,0.0,45,34,39,,WTI-22OCT20-B84.5,between,84.99,84.0,,$84 to 84.99,finalized,2022-10-20 16:53:04,2022-10-20
4426,66,55,1359,1666284789,0.0,45,34,37,,WTI-22OCT20-B85.5,between,85.99,85.0,,$85 to 85.99,finalized,2022-10-20 16:53:09,2022-10-20
4427,97,55,1324,1666284793,0.0,45,3,11,,WTI-22OCT20-B86.5,between,86.99,86.0,,$86 to 86.99,finalized,2022-10-20 16:53:13,2022-10-20
4428,96,70,1549,1666284812,0.0,30,4,10,,WTI-22OCT20-B83.5,between,83.99,83.0,,$83 to 83.99,finalized,2022-10-20 16:53:32,2022-10-20
4429,64,55,1580,1666284815,0.0,45,36,39,,WTI-22OCT20-B84.5,between,84.99,84.0,,$84 to 84.99,finalized,2022-10-20 16:53:35,2022-10-20
4430,68,55,1359,1666284819,0.0,45,32,37,,WTI-22OCT20-B85.5,between,85.99,85.0,,$85 to 85.99,finalized,2022-10-20 16:53:39,2022-10-20
4431,65,55,1580,1666284845,0.0,45,35,39,,WTI-22OCT20-B84.5,between,84.99,84.0,,$84 to 84.99,finalized,2022-10-20 16:54:05,2022-10-20
4432,66,55,1359,1666284849,0.0,45,34,37,,WTI-22OCT20-B85.5,between,85.99,85.0,,$85 to 85.99,finalized,2022-10-20 16:54:09,2022-10-20
4433,97,70,1549,1666284871,0.0,30,3,10,,WTI-22OCT20-B83.5,between,83.99,83.0,,$83 to 83.99,finalized,2022-10-20 16:54:31,2022-10-20
4434,68,55,1580,1666284874,0.0,45,32,39,,WTI-22OCT20-B84.5,between,84.99,84.0,,$84 to 84.99,finalized,2022-10-20 16:54:34,2022-10-20
4435,63,55,1359,1666284878,0.0,45,37,37,,WTI-22OCT20-B85.5,between,85.99,85.0,,$85 to 85.99,finalized,2022-10-20 16:54:38,2022-10-20
4436,95,55,1324,1666284882,0.0,45,5,11,,WTI-22OCT20-B86.5,between,86.99,86.0,,$86 to 86.99,finalized,2022-10-20 16:54:42,2022-10-20
4437,69,55,1580,1666284904,0.0,45,31,39,,WTI-22OCT20-B84.5,between,84.99,84.0,,$84 to 84.99,finalized,2022-10-20 16:55:04,2022-10-20
4438,69,56,1580,1666284904,0.0,44,31,39,,WTI-22OCT20-B84.5,between,84.99,84.0,,$84 to 84.99,finalized,2022-10-20 16:55:04,2022-10-20
4439,62,55,1359,1666284908,0.0,45,38,37,,WTI-22OCT20-B85.5,between,85.99,85.0,,$85 to 85.99,finalized,2022-10-20 16:55:08,2022-10-20
4440,69,55,1580,1666284933,0.0,45,31,39,,WTI-22OCT20-B84.5,between,84.99,84.0,,$84 to 84.99,finalized,2022-10-20 16:55:33,2022-10-20
4441,69,56,1580,1666284933,0.0,44,31,39,,WTI-22OCT20-B84.5,between,84.99,84.0,,$84 to 84.99,finalized,2022-10-20 16:55:33,2022-10-20
4442,94,70,1549,1666284944,0.0,30,6,10,,WTI-22OCT20-B83.5,between,83.99,83.0,,$83 to 83.99,finalized,2022-10-20 16:55:44,2022-10-20
4443,94,88,1549,1666284944,0.0,12,6,10,,WTI-22OCT20-B83.5,between,83.99,83.0,,$83 to 83.99,finalized,2022-10-20 16:55:44,2022-10-20
4444,94,89,1549,1666284944,0.0,11,6,10,,WTI-22OCT20-B83.5,between,83.99,83.0,,$83 to 83.99,finalized,2022-10-20 16:55:44,2022-10-20
4445,94,90,1549,1666284944,0.0,10,6,10,,WTI-22OCT20-B83.5,between,83.99,83.0,,$83 to 83.99,finalized,2022-10-20 16:55:44,2022-10-20
4446,69,59,1580,1666284944,0.0,41,31,39,,WTI-22OCT20-B84.5,between,84.99,84.0,,$84 to 84.99,finalized,2022-10-20 16:55:44,2022-10-20
4447,64,59,1580,1666284944,0.0,41,36,39,,WTI-22OCT20-B84.5,between,84.99,84.0,,$84 to 84.99,finalized,2022-10-20 16:55:44,2022-10-20
4448,62,57,1359,1666284944,0.0,43,38,37,,WTI-22OCT20-B85.5,between,85.99,85.0,,$85 to 85.99,finalized,2022-10-20 16:55:44,2022-10-20
4449,95,89,1324,1666284944,0.0,11,5,11,,WTI-22OCT20-B86.5,between,86.99,86.0,,$86 to 86.99,finalized,2022-10-20 16:55:44,2022-10-20
4450,94,89,1324,1666284944,0.0,11,6,11,,WTI-22OCT20-B86.5,between,86.99,86.0,,$86 to 86.99,finalized,2022-10-20 16:55:44,2022-10-20
4451,94,90,1324,1666284944,0.0,10,6,11,,WTI-22OCT20-B86.5,between,86.99,86.0,,$86 to 86.99,finalized,2022-10-20 16:55:44,2022-10-20
4452,93,90,1549,1666285010,0.0,10,7,10,,WTI-22OCT20-B83.5,between,83.99,83.0,,$83 to 83.99,finalized,2022-10-20 16:56:50,2022-10-20
4453,63,59,1580,1666285010,0.0,41,37,39,,WTI-22OCT20-B84.5,between,84.99,84.0,,$84 to 84.99,finalized,2022-10-20 16:56:50,2022-10-20
4454,63,58,1580,1666285010,0.0,42,37,39,,WTI-22OCT20-B84.5,between,84.99,84.0,,$84 to 84.99,finalized,2022-10-20 16:56:50,2022-10-20
4455,66,57,1359,1666285010,0.0,43,34,37,,WTI-22OCT20-B85.5,between,85.99,85.0,,$85 to 85.99,finalized,2022-10-20 16:56:50,2022-10-20
4456,66,55,1359,1666285010,0.0,45,34,37,,WTI-22OCT20-B85.5,between,85.99,85.0,,$85 to 85.99,finalized,2022-10-20 16:56:50,2022-10-20
4457,100,55,1359,1666285011,0.0,45,0,37,,WTI-22OCT20-B85.5,between,85.99,85.0,,$85 to 85.99,finalized,2022-10-20 16:56:51,2022-10-20
4458,100,58,1359,1666285012,0.0,42,0,37,,WTI-22OCT20-B85.5,between,85.99,85.0,,$85 to 85.99,finalized,2022-10-20 16:56:52,2022-10-20
4459,65,58,1359,1666285012,0.0,42,35,37,,WTI-22OCT20-B85.5,between,85.99,85.0,,$85 to 85.99,finalized,2022-10-20 16:56:52,2022-10-20
4460,63,58,1359,1666285014,0.0,42,37,37,,WTI-22OCT20-B85.5,between,85.99,85.0,,$85 to 85.99,finalized,2022-10-20 16:56:54,2022-10-20
4461,60,58,1580,1666285109,0.0,42,40,39,,WTI-22OCT20-B84.5,between,84.99,84.0,,$84 to 84.99,finalized,2022-10-20 16:58:29,2022-10-20
4462,61,58,1580,1666285170,0.0,42,39,39,,WTI-22OCT20-B84.5,between,84.99,84.0,,$84 to 84.99,finalized,2022-10-20 16:59:30,2022-10-20
4463,63,58,1580,1666285199,0.0,42,37,39,,WTI-22OCT20-B84.5,between,84.99,84.0,,$84 to 84.99,finalized,2022-10-20 16:59:59,2022-10-20
4464,62,58,1580,1666285229,0.0,42,38,39,,WTI-22OCT20-B84.5,between,84.99,84.0,,$84 to 84.99,finalized,2022-10-20 17:00:29,2022-10-20
4465,95,90,1324,1666285277,0.0,10,5,11,,WTI-22OCT20-B86.5,between,86.99,86.0,,$86 to 86.99,finalized,2022-10-20 17:01:17,2022-10-20
4466,93,89,1549,1666285278,0.0,11,7,10,,WTI-22OCT20-B83.5,between,83.99,83.0,,$83 to 83.99,finalized,2022-10-20 17:01:18,2022-10-20
4467,63,58,1580,1666285278,0.0,42,37,39,,WTI-22OCT20-B84.5,between,84.99,84.0,,$84 to 84.99,finalized,2022-10-20 17:01:18,2022-10-20
4468,63,45,1580,1666285278,0.0,55,37,39,,WTI-22OCT20-B84.5,between,84.99,84.0,,$84 to 84.99,finalized,2022-10-20 17:01:18,2022-10-20
4469,63,51,1580,1666285279,0.0,49,37,39,,WTI-22OCT20-B84.5,between,84.99,84.0,,$84 to 84.99,finalized,2022-10-20 17:01:19,2022-10-20
4470,61,51,1580,1666285279,0.0,49,39,39,,WTI-22OCT20-B84.5,between,84.99,84.0,,$84 to 84.99,finalized,2022-10-20 17:01:19,2022-10-20
4471,61,55,1580,1666285279,0.0,45,39,39,,WTI-22OCT20-B84.5,between,84.99,84.0,,$84 to 84.99,finalized,2022-10-20 17:01:19,2022-10-20
4472,65,58,1359,1666285279,0.0,42,35,37,,WTI-22OCT20-B85.5,between,85.99,85.0,,$85 to 85.99,finalized,2022-10-20 17:01:19,2022-10-20
4473,65,60,1359,1666285279,0.0,40,35,37,,WTI-22OCT20-B85.5,between,85.99,85.0,,$85 to 85.99,finalized,2022-10-20 17:01:19,2022-10-20
4474,95,91,1324,1666285279,0.0,9,5,11,,WTI-22OCT20-B86.5,between,86.99,86.0,,$86 to 86.99,finalized,2022-10-20 17:01:19,2022-10-20
4475,93,88,1549,1666285341,0.0,12,7,10,,WTI-22OCT20-B83.5,between,83.99,83.0,,$83 to 83.99,finalized,2022-10-20 17:02:21,2022-10-20
4476,61,53,1580,1666285341,0.0,47,39,39,,WTI-22OCT20-B84.5,between,84.99,84.0,,$84 to 84.99,finalized,2022-10-20 17:02:21,2022-10-20
4477,61,45,1580,1666285341,0.0,55,39,39,,WTI-22OCT20-B84.5,between,84.99,84.0,,$84 to 84.99,finalized,2022-10-20 17:02:21,2022-10-20
4478,63,45,1580,1666285341,0.0,55,37,39,,WTI-22OCT20-B84.5,between,84.99,84.0,,$84 to 84.99,finalized,2022-10-20 17:02:21,2022-10-20
4479,96,91,1324,1666285341,0.0,9,4,11,,WTI-22OCT20-B86.5,between,86.99,86.0,,$86 to 86.99,finalized,2022-10-20 17:02:21,2022-10-20
4480,99,45,1580,1666285342,0.0,55,1,39,,WTI-22OCT20-B84.5,between,84.99,84.0,,$84 to 84.99,finalized,2022-10-20 17:02:22,2022-10-20
4481,100,60,1359,1666285342,0.0,40,0,37,,WTI-22OCT20-B85.5,between,85.99,85.0,,$85 to 85.99,finalized,2022-10-20 17:02:22,2022-10-20
4482,92,88,1549,1666285343,0.0,12,8,10,,WTI-22OCT20-B83.5,between,83.99,83.0,,$83 to 83.99,finalized,2022-10-20 17:02:23,2022-10-20
4483,99,52,1580,1666285343,0.0,48,1,39,,WTI-22OCT20-B84.5,between,84.99,84.0,,$84 to 84.99,finalized,2022-10-20 17:02:23,2022-10-20
4484,58,52,1580,1666285343,0.0,48,42,39,,WTI-22OCT20-B84.5,between,84.99,84.0,,$84 to 84.99,finalized,2022-10-20 17:02:23,2022-10-20
4485,100,58,1359,1666285343,0.0,42,0,37,,WTI-22OCT20-B85.5,between,85.99,85.0,,$85 to 85.99,finalized,2022-10-20 17:02:23,2022-10-20
4486,100,55,1359,1666285343,0.0,45,0,37,,WTI-22OCT20-B85.5,between,85.99,85.0,,$85 to 85.99,finalized,2022-10-20 17:02:23,2022-10-20
4487,100,59,1359,1666285343,0.0,41,0,37,,WTI-22OCT20-B85.5,between,85.99,85.0,,$85 to 85.99,finalized,2022-10-20 17:02:23,2022-10-20
4488,100,63,1359,1666285343,0.0,37,0,37,,WTI-22OCT20-B85.5,between,85.99,85.0,,$85 to 85.99,finalized,2022-10-20 17:02:23,2022-10-20
4489,68,63,1359,1666285343,0.0,37,32,37,,WTI-22OCT20-B85.5,between,85.99,85.0,,$85 to 85.99,finalized,2022-10-20 17:02:23,2022-10-20
4490,96,92,1324,1666285344,0.0,8,4,11,,WTI-22OCT20-B86.5,between,86.99,86.0,,$86 to 86.99,finalized,2022-10-20 17:02:24,2022-10-20
4491,64,63,1359,1666285353,0.0,37,36,37,,WTI-22OCT20-B85.5,between,85.99,85.0,,$85 to 85.99,finalized,2022-10-20 17:02:33,2022-10-20
4492,64,61,1388,1666285363,29.0,39,36,37,,WTI-22OCT20-B85.5,between,85.99,85.0,,$85 to 85.99,finalized,2022-10-20 17:02:43,2022-10-20
4493,60,52,1580,1666285367,36.0,48,40,42,,WTI-22OCT20-B84.5,between,84.99,84.0,,$84 to 84.99,finalized,2022-10-20 17:02:47,2022-10-20
4494,60,53,1580,1666285378,0.0,47,40,42,,WTI-22OCT20-B84.5,between,84.99,84.0,,$84 to 84.99,finalized,2022-10-20 17:02:58,2022-10-20
4495,63,61,1388,1666285382,0.0,39,37,37,,WTI-22OCT20-B85.5,between,85.99,85.0,,$85 to 85.99,finalized,2022-10-20 17:03:02,2022-10-20
4496,96,91,1324,1666285392,57.0,9,4,8,,WTI-22OCT20-B86.5,between,86.99,86.0,,$86 to 86.99,finalized,2022-10-20 17:03:12,2022-10-20
4497,92,88,1504,1666285395,45.0,12,8,8,,WTI-22OCT20-B83.5,between,83.99,83.0,,$83 to 83.99,finalized,2022-10-20 17:03:15,2022-10-20
4498,62,52,1580,1666285407,0.0,48,38,42,,WTI-22OCT20-B84.5,between,84.99,84.0,,$84 to 84.99,finalized,2022-10-20 17:03:27,2022-10-20
4499,61,52,1580,1666285407,0.0,48,39,42,,WTI-22OCT20-B84.5,between,84.99,84.0,,$84 to 84.99,finalized,2022-10-20 17:03:27,2022-10-20
4500,59,52,1580,1666285407,0.0,48,41,42,,WTI-22OCT20-B84.5,between,84.99,84.0,,$84 to 84.99,finalized,2022-10-20 17:03:27,2022-10-20
4501,57,52,1580,1666285407,0.0,48,43,42,,WTI-22OCT20-B84.5,between,84.99,84.0,,$84 to 84.99,finalized,2022-10-20 17:03:27,2022-10-20
4502,68,61,1388,1666285407,0.0,39,32,37,,WTI-22OCT20-B85.5,between,85.99,85.0,,$85 to 85.99,finalized,2022-10-20 17:03:27,2022-10-20
4503,70,61,1388,1666285407,0.0,39,30,37,,WTI-22OCT20-B85.5,between,85.99,85.0,,$85 to 85.99,finalized,2022-10-20 17:03:27,2022-10-20
4504,69,61,1388,1666285407,0.0,39,31,37,,WTI-22OCT20-B85.5,between,85.99,85.0,,$85 to 85.99,finalized,2022-10-20 17:03:27,2022-10-20
4505,57,54,1580,1666285408,0.0,46,43,42,,WTI-22OCT20-B84.5,between,84.99,84.0,,$84 to 84.99,finalized,2022-10-20 17:03:28,2022-10-20
4506,69,59,1415,1666285410,27.0,41,31,39,,WTI-22OCT20-B85.5,between,85.99,85.0,,$85 to 85.99,finalized,2022-10-20 17:03:30,2022-10-20
4507,62,59,1415,1666285412,0.0,41,38,39,,WTI-22OCT20-B85.5,between,85.99,85.0,,$85 to 85.99,finalized,2022-10-20 17:03:32,2022-10-20
4508,57,52,1580,1666285437,0.0,48,43,42,,WTI-22OCT20-B84.5,between,84.99,84.0,,$84 to 84.99,finalized,2022-10-20 17:03:57,2022-10-20
4509,65,59,1415,1666285442,0.0,41,35,39,,WTI-22OCT20-B85.5,between,85.99,85.0,,$85 to 85.99,finalized,2022-10-20 17:04:02,2022-10-20
4510,57,53,1580,1666285468,0.0,47,43,42,,WTI-22OCT20-B84.5,between,84.99,84.0,,$84 to 84.99,finalized,2022-10-20 17:04:28,2022-10-20
4511,63,59,1415,1666285472,0.0,41,37,39,,WTI-22OCT20-B85.5,between,85.99,85.0,,$85 to 85.99,finalized,2022-10-20 17:04:32,2022-10-20
4512,94,88,1504,1666285474,0.0,12,6,8,,WTI-22OCT20-B83.5,between,83.99,83.0,,$83 to 83.99,finalized,2022-10-20 17:04:34,2022-10-20
4513,59,53,1580,1666285474,0.0,47,41,42,,WTI-22OCT20-B84.5,between,84.99,84.0,,$84 to 84.99,finalized,2022-10-20 17:04:34,2022-10-20
4514,94,90,1504,1666285476,0.0,10,6,8,,WTI-22OCT20-B83.5,between,83.99,83.0,,$83 to 83.99,finalized,2022-10-20 17:04:36,2022-10-20
4515,63,61,1415,1666285476,0.0,39,37,39,,WTI-22OCT20-B85.5,between,85.99,85.0,,$85 to 85.99,finalized,2022-10-20 17:04:36,2022-10-20
4516,95,91,1324,1666285476,0.0,9,5,8,,WTI-22OCT20-B86.5,between,86.99,86.0,,$86 to 86.99,finalized,2022-10-20 17:04:36,2022-10-20
4517,66,61,1415,1666285530,0.0,39,34,39,,WTI-22OCT20-B85.5,between,85.99,85.0,,$85 to 85.99,finalized,2022-10-20 17:05:30,2022-10-20
4518,58,53,1580,1666285645,0.0,47,42,42,,WTI-22OCT20-B84.5,between,84.99,84.0,,$84 to 84.99,finalized,2022-10-20 17:07:25,2022-10-20
4519,58,53,1580,1666285745,11.0,47,42,47,,WTI-22OCT20-B84.5,between,84.99,84.0,,$84 to 84.99,finalized,2022-10-20 17:09:05,2022-10-20
4520,70,61,1415,1666285789,0.0,39,30,39,,WTI-22OCT20-B85.5,between,85.99,85.0,,$85 to 85.99,finalized,2022-10-20 17:09:49,2022-10-20
4521,70,57,1415,1666285789,0.0,43,30,39,,WTI-22OCT20-B85.5,between,85.99,85.0,,$85 to 85.99,finalized,2022-10-20 17:09:49,2022-10-20
4522,70,55,1415,1666285789,0.0,45,30,39,,WTI-22OCT20-B85.5,between,85.99,85.0,,$85 to 85.99,finalized,2022-10-20 17:09:49,2022-10-20
4523,97,91,1324,1666285789,0.0,9,3,8,,WTI-22OCT20-B86.5,between,86.99,86.0,,$86 to 86.99,finalized,2022-10-20 17:09:49,2022-10-20
4524,94,89,1504,1666285791,0.0,11,6,8,,WTI-22OCT20-B83.5,between,83.99,83.0,,$83 to 83.99,finalized,2022-10-20 17:09:51,2022-10-20
4525,93,89,1504,1666285791,0.0,11,7,8,,WTI-22OCT20-B83.5,between,83.99,83.0,,$83 to 83.99,finalized,2022-10-20 17:09:51,2022-10-20
4526,92,89,1504,1666285791,0.0,11,8,8,,WTI-22OCT20-B83.5,between,83.99,83.0,,$83 to 83.99,finalized,2022-10-20 17:09:51,2022-10-20
4527,59,53,1580,1666285791,0.0,47,41,47,,WTI-22OCT20-B84.5,between,84.99,84.0,,$84 to 84.99,finalized,2022-10-20 17:09:51,2022-10-20
4528,57,53,1580,1666285791,0.0,47,43,47,,WTI-22OCT20-B84.5,between,84.99,84.0,,$84 to 84.99,finalized,2022-10-20 17:09:51,2022-10-20
4529,55,53,1580,1666285791,0.0,47,45,47,,WTI-22OCT20-B84.5,between,84.99,84.0,,$84 to 84.99,finalized,2022-10-20 17:09:51,2022-10-20
4530,55,50,1580,1666285791,0.0,50,45,47,,WTI-22OCT20-B84.5,between,84.99,84.0,,$84 to 84.99,finalized,2022-10-20 17:09:51,2022-10-20
4531,70,64,1415,1666285791,0.0,36,30,39,,WTI-22OCT20-B85.5,between,85.99,85.0,,$85 to 85.99,finalized,2022-10-20 17:09:51,2022-10-20
4532,97,93,1324,1666285791,0.0,7,3,8,,WTI-22OCT20-B86.5,between,86.99,86.0,,$86 to 86.99,finalized,2022-10-20 17:09:51,2022-10-20
4533,92,88,1504,1666285792,0.0,12,8,8,,WTI-22OCT20-B83.5,between,83.99,83.0,,$83 to 83.99,finalized,2022-10-20 17:09:52,2022-10-20
4534,55,49,1580,1666285887,0.0,51,45,47,,WTI-22OCT20-B84.5,between,84.99,84.0,,$84 to 84.99,finalized,2022-10-20 17:11:27,2022-10-20
4535,54,49,1580,1666285887,0.0,51,46,47,,WTI-22OCT20-B84.5,between,84.99,84.0,,$84 to 84.99,finalized,2022-10-20 17:11:27,2022-10-20
4536,70,61,1415,1666285887,0.0,39,30,39,,WTI-22OCT20-B85.5,between,85.99,85.0,,$85 to 85.99,finalized,2022-10-20 17:11:27,2022-10-20
4537,70,65,1415,1666285887,0.0,35,30,39,,WTI-22OCT20-B85.5,between,85.99,85.0,,$85 to 85.99,finalized,2022-10-20 17:11:27,2022-10-20
4538,71,65,1415,1666285887,0.0,35,29,39,,WTI-22OCT20-B85.5,between,85.99,85.0,,$85 to 85.99,finalized,2022-10-20 17:11:27,2022-10-20
4539,70,65,1415,1666285889,0.0,35,30,39,,WTI-22OCT20-B85.5,between,85.99,85.0,,$85 to 85.99,finalized,2022-10-20 17:11:29,2022-10-20
4540,93,88,1504,1666285949,0.0,12,7,8,,WTI-22OCT20-B83.5,between,83.99,83.0,,$83 to 83.99,finalized,2022-10-20 17:12:29,2022-10-20
4541,54,48,1580,1666285949,0.0,52,46,47,,WTI-22OCT20-B84.5,between,84.99,84.0,,$84 to 84.99,finalized,2022-10-20 17:12:29,2022-10-20
4542,54,52,1580,1666285949,0.0,48,46,47,,WTI-22OCT20-B84.5,between,84.99,84.0,,$84 to 84.99,finalized,2022-10-20 17:12:29,2022-10-20
4543,58,52,1580,1666285949,0.0,48,42,47,,WTI-22OCT20-B84.5,between,84.99,84.0,,$84 to 84.99,finalized,2022-10-20 17:12:29,2022-10-20
4544,71,65,1415,1666285949,0.0,35,29,39,,WTI-22OCT20-B85.5,between,85.99,85.0,,$85 to 85.99,finalized,2022-10-20 17:12:29,2022-10-20
4545,100,65,1415,1666285949,0.0,35,0,39,,WTI-22OCT20-B85.5,between,85.99,85.0,,$85 to 85.99,finalized,2022-10-20 17:12:29,2022-10-20
4546,66,65,1415,1666285949,0.0,35,34,39,,WTI-22OCT20-B85.5,between,85.99,85.0,,$85 to 85.99,finalized,2022-10-20 17:12:29,2022-10-20
4547,66,63,1415,1666285949,0.0,37,34,39,,WTI-22OCT20-B85.5,between,85.99,85.0,,$85 to 85.99,finalized,2022-10-20 17:12:29,2022-10-20
4548,66,61,1415,1666285949,0.0,39,34,39,,WTI-22OCT20-B85.5,between,85.99,85.0,,$85 to 85.99,finalized,2022-10-20 17:12:29,2022-10-20
4549,97,92,1324,1666285949,0.0,8,3,8,,WTI-22OCT20-B86.5,between,86.99,86.0,,$86 to 86.99,finalized,2022-10-20 17:12:29,2022-10-20
4550,96,92,1324,1666285949,0.0,8,4,8,,WTI-22OCT20-B86.5,between,86.99,86.0,,$86 to 86.99,finalized,2022-10-20 17:12:29,2022-10-20
4551,93,89,1504,1666285953,0.0,11,7,8,,WTI-22OCT20-B83.5,between,83.99,83.0,,$83 to 83.99,finalized,2022-10-20 17:12:33,2022-10-20
4552,57,52,1580,1666285975,0.0,48,43,47,,WTI-22OCT20-B84.5,between,84.99,84.0,,$84 to 84.99,finalized,2022-10-20 17:12:55,2022-10-20
4553,66,59,1415,1666286005,0.0,41,34,39,,WTI-22OCT20-B85.5,between,85.99,85.0,,$85 to 85.99,finalized,2022-10-20 17:13:25,2022-10-20
4554,94,89,1504,1666286006,0.0,11,6,8,,WTI-22OCT20-B83.5,between,83.99,83.0,,$83 to 83.99,finalized,2022-10-20 17:13:26,2022-10-20
4555,98,89,1504,1666286006,0.0,11,2,8,,WTI-22OCT20-B83.5,between,83.99,83.0,,$83 to 83.99,finalized,2022-10-20 17:13:26,2022-10-20
4556,98,87,1504,1666286006,0.0,13,2,8,,WTI-22OCT20-B83.5,between,83.99,83.0,,$83 to 83.99,finalized,2022-10-20 17:13:26,2022-10-20
4557,57,50,1580,1666286006,0.0,50,43,47,,WTI-22OCT20-B84.5,between,84.99,84.0,,$84 to 84.99,finalized,2022-10-20 17:13:26,2022-10-20
4558,57,48,1580,1666286006,0.0,52,43,47,,WTI-22OCT20-B84.5,between,84.99,84.0,,$84 to 84.99,finalized,2022-10-20 17:13:26,2022-10-20
4559,57,45,1580,1666286006,0.0,55,43,47,,WTI-22OCT20-B84.5,between,84.99,84.0,,$84 to 84.99,finalized,2022-10-20 17:13:26,2022-10-20
4560,66,55,1415,1666286006,0.0,45,34,39,,WTI-22OCT20-B85.5,between,85.99,85.0,,$85 to 85.99,finalized,2022-10-20 17:13:26,2022-10-20
4561,100,55,1415,1666286006,0.0,45,0,39,,WTI-22OCT20-B85.5,between,85.99,85.0,,$85 to 85.99,finalized,2022-10-20 17:13:26,2022-10-20
4562,97,92,1324,1666286006,0.0,8,3,8,,WTI-22OCT20-B86.5,between,86.99,86.0,,$86 to 86.99,finalized,2022-10-20 17:13:26,2022-10-20
4563,98,92,1324,1666286006,0.0,8,2,8,,WTI-22OCT20-B86.5,between,86.99,86.0,,$86 to 86.99,finalized,2022-10-20 17:13:26,2022-10-20
4564,98,70,1504,1666286007,0.0,30,2,8,,WTI-22OCT20-B83.5,between,83.99,83.0,,$83 to 83.99,finalized,2022-10-20 17:13:27,2022-10-20
4565,98,86,1504,1666286008,0.0,14,2,8,,WTI-22OCT20-B83.5,between,83.99,83.0,,$83 to 83.99,finalized,2022-10-20 17:13:28,2022-10-20
4566,92,86,1504,1666286008,0.0,14,8,8,,WTI-22OCT20-B83.5,between,83.99,83.0,,$83 to 83.99,finalized,2022-10-20 17:13:28,2022-10-20
4567,90,86,1504,1666286008,0.0,14,10,8,,WTI-22OCT20-B83.5,between,83.99,83.0,,$83 to 83.99,finalized,2022-10-20 17:13:28,2022-10-20
4568,51,45,1580,1666286008,0.0,55,49,47,,WTI-22OCT20-B84.5,between,84.99,84.0,,$84 to 84.99,finalized,2022-10-20 17:13:28,2022-10-20
4569,51,46,1580,1666286008,0.0,54,49,47,,WTI-22OCT20-B84.5,between,84.99,84.0,,$84 to 84.99,finalized,2022-10-20 17:13:28,2022-10-20
4570,100,65,1415,1666286008,0.0,35,0,39,,WTI-22OCT20-B85.5,between,85.99,85.0,,$85 to 85.99,finalized,2022-10-20 17:13:28,2022-10-20
4571,78,65,1415,1666286008,0.0,35,22,39,,WTI-22OCT20-B85.5,between,85.99,85.0,,$85 to 85.99,finalized,2022-10-20 17:13:28,2022-10-20
4572,74,65,1415,1666286008,0.0,35,26,39,,WTI-22OCT20-B85.5,between,85.99,85.0,,$85 to 85.99,finalized,2022-10-20 17:13:28,2022-10-20
4573,74,69,1415,1666286008,0.0,31,26,39,,WTI-22OCT20-B85.5,between,85.99,85.0,,$85 to 85.99,finalized,2022-10-20 17:13:28,2022-10-20
4574,98,93,1324,1666286008,0.0,7,2,8,,WTI-22OCT20-B86.5,between,86.99,86.0,,$86 to 86.99,finalized,2022-10-20 17:13:28,2022-10-20
4575,98,94,1324,1666286008,0.0,6,2,8,,WTI-22OCT20-B86.5,between,86.99,86.0,,$86 to 86.99,finalized,2022-10-20 17:13:28,2022-10-20
4576,72,69,1415,1666286009,0.0,31,28,39,,WTI-22OCT20-B85.5,between,85.99,85.0,,$85 to 85.99,finalized,2022-10-20 17:13:29,2022-10-20
4577,90,84,1543,1666286066,39.0,16,10,14,,WTI-22OCT20-B83.5,between,83.99,83.0,,$83 to 83.99,finalized,2022-10-20 17:14:26,2022-10-20
4578,74,69,1415,1666286068,0.0,31,26,39,,WTI-22OCT20-B85.5,between,85.99,85.0,,$85 to 85.99,finalized,2022-10-20 17:14:28,2022-10-20
4579,51,46,1569,1666286075,11.0,54,49,49,,WTI-22OCT20-B84.5,between,84.99,84.0,,$84 to 84.99,finalized,2022-10-20 17:14:35,2022-10-20
4580,92,84,1543,1666286078,0.0,16,8,14,,WTI-22OCT20-B83.5,between,83.99,83.0,,$83 to 83.99,finalized,2022-10-20 17:14:38,2022-10-20
4581,92,70,1543,1666286078,0.0,30,8,14,,WTI-22OCT20-B83.5,between,83.99,83.0,,$83 to 83.99,finalized,2022-10-20 17:14:38,2022-10-20
4582,55,46,1569,1666286078,0.0,54,45,49,,WTI-22OCT20-B84.5,between,84.99,84.0,,$84 to 84.99,finalized,2022-10-20 17:14:38,2022-10-20
4583,55,45,1569,1666286078,0.0,55,45,49,,WTI-22OCT20-B84.5,between,84.99,84.0,,$84 to 84.99,finalized,2022-10-20 17:14:38,2022-10-20
4584,99,45,1569,1666286078,0.0,55,1,49,,WTI-22OCT20-B84.5,between,84.99,84.0,,$84 to 84.99,finalized,2022-10-20 17:14:38,2022-10-20
4585,74,67,1415,1666286078,0.0,33,26,39,,WTI-22OCT20-B85.5,between,85.99,85.0,,$85 to 85.99,finalized,2022-10-20 17:14:38,2022-10-20
4586,98,93,1324,1666286078,0.0,7,2,8,,WTI-22OCT20-B86.5,between,86.99,86.0,,$86 to 86.99,finalized,2022-10-20 17:14:38,2022-10-20
4587,98,70,1543,1666286079,0.0,30,2,14,,WTI-22OCT20-B83.5,between,83.99,83.0,,$83 to 83.99,finalized,2022-10-20 17:14:39,2022-10-20
4588,76,67,1415,1666286079,0.0,33,24,39,,WTI-22OCT20-B85.5,between,85.99,85.0,,$85 to 85.99,finalized,2022-10-20 17:14:39,2022-10-20
4589,76,63,1415,1666286079,0.0,37,24,39,,WTI-22OCT20-B85.5,between,85.99,85.0,,$85 to 85.99,finalized,2022-10-20 17:14:39,2022-10-20
4590,98,55,1324,1666286079,0.0,45,2,8,,WTI-22OCT20-B86.5,between,86.99,86.0,,$86 to 86.99,finalized,2022-10-20 17:14:39,2022-10-20
4591,100,55,1324,1666286079,0.0,45,0,8,,WTI-22OCT20-B86.5,between,86.99,86.0,,$86 to 86.99,finalized,2022-10-20 17:14:39,2022-10-20
4592,94,70,1543,1666286091,0.0,30,6,14,,WTI-22OCT20-B83.5,between,83.99,83.0,,$83 to 83.99,finalized,2022-10-20 17:14:51,2022-10-20
4593,54,45,1569,1666286094,0.0,55,46,49,,WTI-22OCT20-B84.5,between,84.99,84.0,,$84 to 84.99,finalized,2022-10-20 17:14:54,2022-10-20
4594,75,55,1415,1666286098,0.0,45,25,39,,WTI-22OCT20-B85.5,between,85.99,85.0,,$85 to 85.99,finalized,2022-10-20 17:14:58,2022-10-20
4595,75,62,1415,1666286099,0.0,38,25,39,,WTI-22OCT20-B85.5,between,85.99,85.0,,$85 to 85.99,finalized,2022-10-20 17:14:59,2022-10-20
4596,53,45,1569,1666286124,0.0,55,47,49,,WTI-22OCT20-B84.5,between,84.99,84.0,,$84 to 84.99,finalized,2022-10-20 17:15:24,2022-10-20
4597,76,55,1415,1666286128,0.0,45,24,39,,WTI-22OCT20-B85.5,between,85.99,85.0,,$85 to 85.99,finalized,2022-10-20 17:15:28,2022-10-20
4598,76,63,1415,1666286128,0.0,37,24,39,,WTI-22OCT20-B85.5,between,85.99,85.0,,$85 to 85.99,finalized,2022-10-20 17:15:28,2022-10-20
4599,93,70,1543,1666286142,0.0,30,7,14,,WTI-22OCT20-B83.5,between,83.99,83.0,,$83 to 83.99,finalized,2022-10-20 17:15:42,2022-10-20
4600,52,45,1569,1666286154,0.0,55,48,49,,WTI-22OCT20-B84.5,between,84.99,84.0,,$84 to 84.99,finalized,2022-10-20 17:15:54,2022-10-20
4601,80,55,1415,1666286159,0.0,45,20,39,,WTI-22OCT20-B85.5,between,85.99,85.0,,$85 to 85.99,finalized,2022-10-20 17:15:59,2022-10-20
4602,80,67,1415,1666286159,0.0,33,20,39,,WTI-22OCT20-B85.5,between,85.99,85.0,,$85 to 85.99,finalized,2022-10-20 17:15:59,2022-10-20
4603,89,70,1543,1666286182,0.0,30,11,14,,WTI-22OCT20-B83.5,between,83.99,83.0,,$83 to 83.99,finalized,2022-10-20 17:16:22,2022-10-20
4604,89,78,1543,1666286182,0.0,22,11,14,,WTI-22OCT20-B83.5,between,83.99,83.0,,$83 to 83.99,finalized,2022-10-20 17:16:22,2022-10-20
4605,51,45,1569,1666286186,0.0,55,49,49,,WTI-22OCT20-B84.5,between,84.99,84.0,,$84 to 84.99,finalized,2022-10-20 17:16:26,2022-10-20
4606,81,55,1415,1666286190,0.0,45,19,39,,WTI-22OCT20-B85.5,between,85.99,85.0,,$85 to 85.99,finalized,2022-10-20 17:16:30,2022-10-20
4607,81,68,1415,1666286190,0.0,32,19,39,,WTI-22OCT20-B85.5,between,85.99,85.0,,$85 to 85.99,finalized,2022-10-20 17:16:30,2022-10-20
4608,93,70,1543,1666286214,0.0,30,7,14,,WTI-22OCT20-B83.5,between,83.99,83.0,,$83 to 83.99,finalized,2022-10-20 17:16:54,2022-10-20
4609,52,45,1569,1666286216,0.0,55,48,49,,WTI-22OCT20-B84.5,between,84.99,84.0,,$84 to 84.99,finalized,2022-10-20 17:16:56,2022-10-20
4610,78,55,1415,1666286220,0.0,45,22,39,,WTI-22OCT20-B85.5,between,85.99,85.0,,$85 to 85.99,finalized,2022-10-20 17:17:00,2022-10-20
4611,78,65,1415,1666286221,0.0,35,22,39,,WTI-22OCT20-B85.5,between,85.99,85.0,,$85 to 85.99,finalized,2022-10-20 17:17:01,2022-10-20
4612,54,45,1569,1666286248,0.0,55,46,49,,WTI-22OCT20-B84.5,between,84.99,84.0,,$84 to 84.99,finalized,2022-10-20 17:17:28,2022-10-20
4613,75,55,1415,1666286252,0.0,45,25,39,,WTI-22OCT20-B85.5,between,85.99,85.0,,$85 to 85.99,finalized,2022-10-20 17:17:32,2022-10-20
4614,75,62,1415,1666286253,0.0,38,25,39,,WTI-22OCT20-B85.5,between,85.99,85.0,,$85 to 85.99,finalized,2022-10-20 17:17:33,2022-10-20
4615,53,45,1569,1666286278,0.0,55,47,49,,WTI-22OCT20-B84.5,between,84.99,84.0,,$84 to 84.99,finalized,2022-10-20 17:17:58,2022-10-20
4616,76,55,1415,1666286283,0.0,45,24,39,,WTI-22OCT20-B85.5,between,85.99,85.0,,$85 to 85.99,finalized,2022-10-20 17:18:03,2022-10-20
4617,76,63,1415,1666286283,0.0,37,24,39,,WTI-22OCT20-B85.5,between,85.99,85.0,,$85 to 85.99,finalized,2022-10-20 17:18:03,2022-10-20
4618,52,45,1569,1666286308,0.0,55,48,49,,WTI-22OCT20-B84.5,between,84.99,84.0,,$84 to 84.99,finalized,2022-10-20 17:18:28,2022-10-20
4619,76,55,1415,1666286313,0.0,45,24,39,,WTI-22OCT20-B85.5,between,85.99,85.0,,$85 to 85.99,finalized,2022-10-20 17:18:33,2022-10-20
4620,76,63,1415,1666286313,0.0,37,24,39,,WTI-22OCT20-B85.5,between,85.99,85.0,,$85 to 85.99,finalized,2022-10-20 17:18:33,2022-10-20
4621,53,45,1569,1666286332,2882.0,55,47,49,,WTI-22OCT20-B84.5,between,84.99,84.0,,$84 to 84.99,finalized,2022-10-20 17:18:52,2022-10-20
4622,49,45,1569,1666286332,0.0,55,51,49,,WTI-22OCT20-B84.5,between,84.99,84.0,,$84 to 84.99,finalized,2022-10-20 17:18:52,2022-10-20
4623,100,71,1415,1666286332,0.0,29,0,39,,WTI-22OCT20-B85.5,between,85.99,85.0,,$85 to 85.99,finalized,2022-10-20 17:18:52,2022-10-20
4624,80,71,1415,1666286332,0.0,29,20,39,,WTI-22OCT20-B85.5,between,85.99,85.0,,$85 to 85.99,finalized,2022-10-20 17:18:52,2022-10-20
4625,76,71,1415,1666286332,0.0,29,24,39,,WTI-22OCT20-B85.5,between,85.99,85.0,,$85 to 85.99,finalized,2022-10-20 17:18:52,2022-10-20
4626,100,93,1324,1666286332,0.0,7,0,8,,WTI-22OCT20-B86.5,between,86.99,86.0,,$86 to 86.99,finalized,2022-10-20 17:18:52,2022-10-20
4627,100,94,1324,1666286332,0.0,6,0,8,,WTI-22OCT20-B86.5,between,86.99,86.0,,$86 to 86.99,finalized,2022-10-20 17:18:52,2022-10-20
4628,100,95,1324,1666286332,0.0,5,0,8,,WTI-22OCT20-B86.5,between,86.99,86.0,,$86 to 86.99,finalized,2022-10-20 17:18:52,2022-10-20
4629,98,95,1324,1666286332,0.0,5,2,8,,WTI-22OCT20-B86.5,between,86.99,86.0,,$86 to 86.99,finalized,2022-10-20 17:18:52,2022-10-20
4630,72,71,1415,1666286340,0.0,29,28,39,,WTI-22OCT20-B85.5,between,85.99,85.0,,$85 to 85.99,finalized,2022-10-20 17:19:00,2022-10-20
4631,73,71,1415,1666286370,0.0,29,27,39,,WTI-22OCT20-B85.5,between,85.99,85.0,,$85 to 85.99,finalized,2022-10-20 17:19:30,2022-10-20
4632,73,71,1415,1666286382,10.0,29,27,29,,WTI-22OCT20-B85.5,between,85.99,85.0,,$85 to 85.99,finalized,2022-10-20 17:19:42,2022-10-20
4633,76,71,1418,1666286389,10.0,29,24,29,,WTI-22OCT20-B85.5,between,85.99,85.0,,$85 to 85.99,finalized,2022-10-20 17:19:49,2022-10-20
4634,71,69,1424,1666286397,6.0,31,29,29,,WTI-22OCT20-B85.5,between,85.99,85.0,,$85 to 85.99,finalized,2022-10-20 17:19:57,2022-10-20
4635,72,69,1434,1666286404,10.0,31,28,31,,WTI-22OCT20-B85.5,between,85.99,85.0,,$85 to 85.99,finalized,2022-10-20 17:20:04,2022-10-20
4636,76,69,1444,1666286412,10.0,31,24,31,,WTI-22OCT20-B85.5,between,85.99,85.0,,$85 to 85.99,finalized,2022-10-20 17:20:12,2022-10-20
4637,69,67,1450,1666286419,6.0,33,31,31,,WTI-22OCT20-B85.5,between,85.99,85.0,,$85 to 85.99,finalized,2022-10-20 17:20:19,2022-10-20
4638,72,67,1450,1666286426,0.0,33,28,31,,WTI-22OCT20-B85.5,between,85.99,85.0,,$85 to 85.99,finalized,2022-10-20 17:20:26,2022-10-20
4639,75,67,1450,1666286454,0.0,33,25,31,,WTI-22OCT20-B85.5,between,85.99,85.0,,$85 to 85.99,finalized,2022-10-20 17:20:54,2022-10-20
4640,76,67,1450,1666286483,0.0,33,24,31,,WTI-22OCT20-B85.5,between,85.99,85.0,,$85 to 85.99,finalized,2022-10-20 17:21:23,2022-10-20
4641,77,67,1450,1666286485,0.0,33,23,31,,WTI-22OCT20-B85.5,between,85.99,85.0,,$85 to 85.99,finalized,2022-10-20 17:21:25,2022-10-20
4642,75,67,1450,1666286485,0.0,33,25,31,,WTI-22OCT20-B85.5,between,85.99,85.0,,$85 to 85.99,finalized,2022-10-20 17:21:25,2022-10-20
4643,75,68,1450,1666286485,0.0,32,25,31,,WTI-22OCT20-B85.5,between,85.99,85.0,,$85 to 85.99,finalized,2022-10-20 17:21:25,2022-10-20
4644,75,70,1450,1666286485,0.0,30,25,31,,WTI-22OCT20-B85.5,between,85.99,85.0,,$85 to 85.99,finalized,2022-10-20 17:21:25,2022-10-20
4645,51,45,1569,1666286549,0.0,55,49,49,,WTI-22OCT20-B84.5,between,84.99,84.0,,$84 to 84.99,finalized,2022-10-20 17:22:29,2022-10-20
4646,98,94,1324,1666286549,0.0,6,2,8,,WTI-22OCT20-B86.5,between,86.99,86.0,,$86 to 86.99,finalized,2022-10-20 17:22:29,2022-10-20
4647,75,68,1450,1666286550,5562.0,32,25,31,,WTI-22OCT20-B85.5,between,85.99,85.0,,$85 to 85.99,finalized,2022-10-20 17:22:30,2022-10-20
4648,74,68,1450,1666286550,0.0,32,26,31,,WTI-22OCT20-B85.5,between,85.99,85.0,,$85 to 85.99,finalized,2022-10-20 17:22:30,2022-10-20
4649,72,68,1450,1666286550,0.0,32,28,31,,WTI-22OCT20-B85.5,between,85.99,85.0,,$85 to 85.99,finalized,2022-10-20 17:22:30,2022-10-20
4650,72,66,1450,1666286550,0.0,34,28,31,,WTI-22OCT20-B85.5,between,85.99,85.0,,$85 to 85.99,finalized,2022-10-20 17:22:30,2022-10-20
4651,72,65,1450,1666286551,0.0,35,28,31,,WTI-22OCT20-B85.5,between,85.99,85.0,,$85 to 85.99,finalized,2022-10-20 17:22:31,2022-10-20
4652,72,67,1450,1666286551,0.0,33,28,31,,WTI-22OCT20-B85.5,between,85.99,85.0,,$85 to 85.99,finalized,2022-10-20 17:22:31,2022-10-20
4653,89,70,1543,1666286630,0.0,30,11,14,,WTI-22OCT20-B83.5,between,83.99,83.0,,$83 to 83.99,finalized,2022-10-20 17:23:50,2022-10-20
4654,89,85,1543,1666286630,0.0,15,11,14,,WTI-22OCT20-B83.5,between,83.99,83.0,,$83 to 83.99,finalized,2022-10-20 17:23:50,2022-10-20
4655,47,45,1569,1666286630,0.0,55,53,49,,WTI-22OCT20-B84.5,between,84.99,84.0,,$84 to 84.99,finalized,2022-10-20 17:23:50,2022-10-20
4656,72,55,1450,1666286630,0.0,45,28,31,,WTI-22OCT20-B85.5,between,85.99,85.0,,$85 to 85.99,finalized,2022-10-20 17:23:50,2022-10-20
4657,100,55,1450,1666286630,0.0,45,0,31,,WTI-22OCT20-B85.5,between,85.99,85.0,,$85 to 85.99,finalized,2022-10-20 17:23:50,2022-10-20
4658,82,55,1450,1666286630,0.0,45,18,31,,WTI-22OCT20-B85.5,between,85.99,85.0,,$85 to 85.99,finalized,2022-10-20 17:23:50,2022-10-20
4659,98,95,1324,1666286630,0.0,5,2,8,,WTI-22OCT20-B86.5,between,86.99,86.0,,$86 to 86.99,finalized,2022-10-20 17:23:50,2022-10-20
4660,99,95,1324,1666286630,0.0,5,1,8,,WTI-22OCT20-B86.5,between,86.99,86.0,,$86 to 86.99,finalized,2022-10-20 17:23:50,2022-10-20
4661,82,73,1450,1666286632,0.0,27,18,31,,WTI-22OCT20-B85.5,between,85.99,85.0,,$85 to 85.99,finalized,2022-10-20 17:23:52,2022-10-20
4662,78,73,1450,1666286632,0.0,27,22,31,,WTI-22OCT20-B85.5,between,85.99,85.0,,$85 to 85.99,finalized,2022-10-20 17:23:52,2022-10-20
4663,76,73,1450,1666286663,0.0,27,24,31,,WTI-22OCT20-B85.5,between,85.99,85.0,,$85 to 85.99,finalized,2022-10-20 17:24:23,2022-10-20
4664,76,73,1460,1666286669,10.0,27,24,27,,WTI-22OCT20-B85.5,between,85.99,85.0,,$85 to 85.99,finalized,2022-10-20 17:24:29,2022-10-20
4665,76,73,1470,1666286677,10.0,27,24,27,,WTI-22OCT20-B85.5,between,85.99,85.0,,$85 to 85.99,finalized,2022-10-20 17:24:37,2022-10-20
4666,78,73,1480,1666286684,10.0,27,22,27,,WTI-22OCT20-B85.5,between,85.99,85.0,,$85 to 85.99,finalized,2022-10-20 17:24:44,2022-10-20
4667,73,71,1486,1666286691,6.0,29,27,27,,WTI-22OCT20-B85.5,between,85.99,85.0,,$85 to 85.99,finalized,2022-10-20 17:24:51,2022-10-20
4668,72,71,1486,1666286692,0.0,29,28,27,,WTI-22OCT20-B85.5,between,85.99,85.0,,$85 to 85.99,finalized,2022-10-20 17:24:52,2022-10-20
4669,72,71,1496,1666286699,10.0,29,28,29,,WTI-22OCT20-B85.5,between,85.99,85.0,,$85 to 85.99,finalized,2022-10-20 17:24:59,2022-10-20
4670,73,71,1506,1666286706,10.0,29,27,29,,WTI-22OCT20-B85.5,between,85.99,85.0,,$85 to 85.99,finalized,2022-10-20 17:25:06,2022-10-20
4671,78,71,1516,1666286714,10.0,29,22,29,,WTI-22OCT20-B85.5,between,85.99,85.0,,$85 to 85.99,finalized,2022-10-20 17:25:14,2022-10-20
4672,78,69,1516,1666286721,2.0,31,22,29,,WTI-22OCT20-B85.5,between,85.99,85.0,,$85 to 85.99,finalized,2022-10-20 17:25:21,2022-10-20
4673,69,55,1516,1666286721,31.0,45,31,31,,WTI-22OCT20-B85.5,between,85.99,85.0,,$85 to 85.99,finalized,2022-10-20 17:25:21,2022-10-20
4674,69,56,1516,1666286722,0.0,44,31,31,,WTI-22OCT20-B85.5,between,85.99,85.0,,$85 to 85.99,finalized,2022-10-20 17:25:22,2022-10-20
4675,65,55,1516,1666286752,0.0,45,35,31,,WTI-22OCT20-B85.5,between,85.99,85.0,,$85 to 85.99,finalized,2022-10-20 17:25:52,2022-10-20
4676,47,45,1559,1666286761,10.0,55,53,53,,WTI-22OCT20-B84.5,between,84.99,84.0,,$84 to 84.99,finalized,2022-10-20 17:26:01,2022-10-20
4677,47,45,1549,1666286768,10.0,55,53,53,,WTI-22OCT20-B84.5,between,84.99,84.0,,$84 to 84.99,finalized,2022-10-20 17:26:08,2022-10-20
4678,99,94,1324,1666286772,0.0,6,1,8,,WTI-22OCT20-B86.5,between,86.99,86.0,,$86 to 86.99,finalized,2022-10-20 17:26:12,2022-10-20
4679,99,93,1324,1666286772,0.0,7,1,8,,WTI-22OCT20-B86.5,between,86.99,86.0,,$86 to 86.99,finalized,2022-10-20 17:26:12,2022-10-20
4680,100,93,1324,1666286772,0.0,7,0,8,,WTI-22OCT20-B86.5,between,86.99,86.0,,$86 to 86.99,finalized,2022-10-20 17:26:12,2022-10-20
4681,90,85,1543,1666286774,0.0,15,10,14,,WTI-22OCT20-B83.5,between,83.99,83.0,,$83 to 83.99,finalized,2022-10-20 17:26:14,2022-10-20
4682,93,85,1543,1666286774,0.0,15,7,14,,WTI-22OCT20-B83.5,between,83.99,83.0,,$83 to 83.99,finalized,2022-10-20 17:26:14,2022-10-20
4683,93,70,1543,1666286774,0.0,30,7,14,,WTI-22OCT20-B83.5,between,83.99,83.0,,$83 to 83.99,finalized,2022-10-20 17:26:14,2022-10-20
4684,51,45,1549,1666286774,0.0,55,49,53,,WTI-22OCT20-B84.5,between,84.99,84.0,,$84 to 84.99,finalized,2022-10-20 17:26:14,2022-10-20
4685,99,45,1549,1666286774,0.0,55,1,53,,WTI-22OCT20-B84.5,between,84.99,84.0,,$84 to 84.99,finalized,2022-10-20 17:26:14,2022-10-20
4686,80,55,1516,1666286774,0.0,45,20,31,,WTI-22OCT20-B85.5,between,85.99,85.0,,$85 to 85.99,finalized,2022-10-20 17:26:14,2022-10-20
4687,82,55,1516,1666286774,0.0,45,18,31,,WTI-22OCT20-B85.5,between,85.99,85.0,,$85 to 85.99,finalized,2022-10-20 17:26:14,2022-10-20
4688,100,55,1516,1666286774,0.0,45,0,31,,WTI-22OCT20-B85.5,between,85.99,85.0,,$85 to 85.99,finalized,2022-10-20 17:26:14,2022-10-20
4689,100,55,1324,1666286774,0.0,45,0,8,,WTI-22OCT20-B86.5,between,86.99,86.0,,$86 to 86.99,finalized,2022-10-20 17:26:14,2022-10-20
4690,60,45,1549,1666286779,0.0,55,40,53,,WTI-22OCT20-B84.5,between,84.99,84.0,,$84 to 84.99,finalized,2022-10-20 17:26:19,2022-10-20
4691,60,47,1549,1666286779,0.0,53,40,53,,WTI-22OCT20-B84.5,between,84.99,84.0,,$84 to 84.99,finalized,2022-10-20 17:26:19,2022-10-20
4692,64,55,1516,1666286784,0.0,45,36,31,,WTI-22OCT20-B85.5,between,85.99,85.0,,$85 to 85.99,finalized,2022-10-20 17:26:24,2022-10-20
4693,58,45,1549,1666286809,0.0,55,42,53,,WTI-22OCT20-B84.5,between,84.99,84.0,,$84 to 84.99,finalized,2022-10-20 17:26:49,2022-10-20
4694,65,55,1516,1666286814,0.0,45,35,31,,WTI-22OCT20-B85.5,between,85.99,85.0,,$85 to 85.99,finalized,2022-10-20 17:26:54,2022-10-20
4695,62,45,1549,1666286841,0.0,55,38,53,,WTI-22OCT20-B84.5,between,84.99,84.0,,$84 to 84.99,finalized,2022-10-20 17:27:21,2022-10-20
4696,62,49,1549,1666286841,0.0,51,38,53,,WTI-22OCT20-B84.5,between,84.99,84.0,,$84 to 84.99,finalized,2022-10-20 17:27:21,2022-10-20
4697,60,55,1516,1666286845,0.0,45,40,31,,WTI-22OCT20-B85.5,between,85.99,85.0,,$85 to 85.99,finalized,2022-10-20 17:27:25,2022-10-20
4698,100,71,1516,1666286868,0.0,29,0,31,,WTI-22OCT20-B85.5,between,85.99,85.0,,$85 to 85.99,finalized,2022-10-20 17:27:48,2022-10-20
4699,78,71,1516,1666286868,0.0,29,22,31,,WTI-22OCT20-B85.5,between,85.99,85.0,,$85 to 85.99,finalized,2022-10-20 17:27:48,2022-10-20
4700,76,71,1516,1666286868,0.0,29,24,31,,WTI-22OCT20-B85.5,between,85.99,85.0,,$85 to 85.99,finalized,2022-10-20 17:27:48,2022-10-20
4701,52,45,1549,1666286870,0.0,55,48,53,,WTI-22OCT20-B84.5,between,84.99,84.0,,$84 to 84.99,finalized,2022-10-20 17:27:50,2022-10-20
4702,50,45,1549,1666286870,0.0,55,50,53,,WTI-22OCT20-B84.5,between,84.99,84.0,,$84 to 84.99,finalized,2022-10-20 17:27:50,2022-10-20
4703,48,45,1549,1666286870,0.0,55,52,53,,WTI-22OCT20-B84.5,between,84.99,84.0,,$84 to 84.99,finalized,2022-10-20 17:27:50,2022-10-20
4704,100,94,1324,1666286870,0.0,6,0,8,,WTI-22OCT20-B86.5,between,86.99,86.0,,$86 to 86.99,finalized,2022-10-20 17:27:50,2022-10-20
4705,100,95,1324,1666286870,0.0,5,0,8,,WTI-22OCT20-B86.5,between,86.99,86.0,,$86 to 86.99,finalized,2022-10-20 17:27:50,2022-10-20
4706,99,95,1324,1666286870,0.0,5,1,8,,WTI-22OCT20-B86.5,between,86.99,86.0,,$86 to 86.99,finalized,2022-10-20 17:27:50,2022-10-20
4707,50,45,1549,1666286874,32.0,55,50,52,,WTI-22OCT20-B84.5,between,84.99,84.0,,$84 to 84.99,finalized,2022-10-20 17:27:54,2022-10-20
4708,50,45,1539,1666286876,10.0,55,50,50,,WTI-22OCT20-B84.5,between,84.99,84.0,,$84 to 84.99,finalized,2022-10-20 17:27:56,2022-10-20
4709,76,69,1516,1666286877,24.0,31,24,29,,WTI-22OCT20-B85.5,between,85.99,85.0,,$85 to 85.99,finalized,2022-10-20 17:27:57,2022-10-20
4710,59,55,1516,1666286877,52.0,45,41,33,,WTI-22OCT20-B85.5,between,85.99,85.0,,$85 to 85.99,finalized,2022-10-20 17:27:57,2022-10-20
4711,50,45,1529,1666286883,10.0,55,50,50,,WTI-22OCT20-B84.5,between,84.99,84.0,,$84 to 84.99,finalized,2022-10-20 17:28:03,2022-10-20
4712,52,50,1527,1666286891,2.0,50,48,50,,WTI-22OCT20-B84.5,between,84.99,84.0,,$84 to 84.99,finalized,2022-10-20 17:28:11,2022-10-20
4713,52,45,1517,1666286898,10.0,55,48,48,,WTI-22OCT20-B84.5,between,84.99,84.0,,$84 to 84.99,finalized,2022-10-20 17:28:18,2022-10-20
4714,52,45,1507,1666286906,10.0,55,48,48,,WTI-22OCT20-B84.5,between,84.99,84.0,,$84 to 84.99,finalized,2022-10-20 17:28:26,2022-10-20
4715,99,52,1507,1666286906,3.0,48,1,48,,WTI-22OCT20-B84.5,between,84.99,84.0,,$84 to 84.99,finalized,2022-10-20 17:28:26,2022-10-20
4716,66,52,1507,1666286906,0.0,48,34,48,,WTI-22OCT20-B84.5,between,84.99,84.0,,$84 to 84.99,finalized,2022-10-20 17:28:26,2022-10-20
4717,66,53,1507,1666286906,0.0,47,34,48,,WTI-22OCT20-B84.5,between,84.99,84.0,,$84 to 84.99,finalized,2022-10-20 17:28:26,2022-10-20
4718,58,55,1516,1666286910,0.0,45,42,33,,WTI-22OCT20-B85.5,between,85.99,85.0,,$85 to 85.99,finalized,2022-10-20 17:28:30,2022-10-20
4719,66,53,1550,1666286914,250.0,47,34,34,,WTI-22OCT20-B84.5,between,84.99,84.0,,$84 to 84.99,finalized,2022-10-20 17:28:34,2022-10-20
4720,67,45,1550,1666286936,0.0,55,33,34,,WTI-22OCT20-B84.5,between,84.99,84.0,,$84 to 84.99,finalized,2022-10-20 17:28:56,2022-10-20
4721,67,54,1550,1666286936,0.0,46,33,34,,WTI-22OCT20-B84.5,between,84.99,84.0,,$84 to 84.99,finalized,2022-10-20 17:28:56,2022-10-20
4722,56,55,1516,1666286941,0.0,45,44,33,,WTI-22OCT20-B85.5,between,85.99,85.0,,$85 to 85.99,finalized,2022-10-20 17:29:01,2022-10-20
4723,99,94,1324,1666286962,67.0,6,1,5,,WTI-22OCT20-B86.5,between,86.99,86.0,,$86 to 86.99,finalized,2022-10-20 17:29:22,2022-10-20
4724,68,45,1550,1666286967,0.0,55,32,34,,WTI-22OCT20-B84.5,between,84.99,84.0,,$84 to 84.99,finalized,2022-10-20 17:29:27,2022-10-20
4725,68,55,1550,1666286967,0.0,45,32,34,,WTI-22OCT20-B84.5,between,84.99,84.0,,$84 to 84.99,finalized,2022-10-20 17:29:27,2022-10-20
4726,99,93,1324,1666286967,48.0,7,1,6,,WTI-22OCT20-B86.5,between,86.99,86.0,,$86 to 86.99,finalized,2022-10-20 17:29:27,2022-10-20
4727,57,55,1516,1666286973,0.0,45,43,33,,WTI-22OCT20-B85.5,between,85.99,85.0,,$85 to 85.99,finalized,2022-10-20 17:29:33,2022-10-20
4728,95,70,1568,1666286985,25.0,30,5,7,,WTI-22OCT20-B83.5,between,83.99,83.0,,$83 to 83.99,finalized,2022-10-20 17:29:45,2022-10-20
4729,66,45,1550,1666286998,0.0,55,34,34,,WTI-22OCT20-B84.5,between,84.99,84.0,,$84 to 84.99,finalized,2022-10-20 17:29:58,2022-10-20
4730,66,53,1550,1666286998,0.0,47,34,34,,WTI-22OCT20-B84.5,between,84.99,84.0,,$84 to 84.99,finalized,2022-10-20 17:29:58,2022-10-20
4731,76,45,1516,1666287003,1.0,55,24,45,,WTI-22OCT20-B85.5,between,85.99,85.0,,$85 to 85.99,finalized,2022-10-20 17:30:03,2022-10-20
4732,55,45,1516,1666287003,0.0,55,45,45,,WTI-22OCT20-B85.5,between,85.99,85.0,,$85 to 85.99,finalized,2022-10-20 17:30:03,2022-10-20
4733,98,70,1568,1666287049,0.0,30,2,7,,WTI-22OCT20-B83.5,between,83.99,83.0,,$83 to 83.99,finalized,2022-10-20 17:30:49,2022-10-20
4734,99,45,1550,1666287092,0.0,55,1,34,,WTI-22OCT20-B84.5,between,84.99,84.0,,$84 to 84.99,finalized,2022-10-20 17:31:32,2022-10-20
4735,76,45,1516,1666287092,0.0,55,24,45,,WTI-22OCT20-B85.5,between,85.99,85.0,,$85 to 85.99,finalized,2022-10-20 17:31:32,2022-10-20
4736,78,45,1516,1666287093,0.0,55,22,45,,WTI-22OCT20-B85.5,between,85.99,85.0,,$85 to 85.99,finalized,2022-10-20 17:31:33,2022-10-20
4737,100,93,1324,1666287093,0.0,7,0,6,,WTI-22OCT20-B86.5,between,86.99,86.0,,$86 to 86.99,finalized,2022-10-20 17:31:33,2022-10-20
4738,100,55,1324,1666287093,0.0,45,0,6,,WTI-22OCT20-B86.5,between,86.99,86.0,,$86 to 86.99,finalized,2022-10-20 17:31:33,2022-10-20
4739,100,45,1516,1666287094,0.0,55,0,45,,WTI-22OCT20-B85.5,between,85.99,85.0,,$85 to 85.99,finalized,2022-10-20 17:31:34,2022-10-20
4740,99,55,1550,1666287522,0.0,45,1,34,,WTI-22OCT20-B84.5,between,84.99,84.0,,$84 to 84.99,finalized,2022-10-20 17:38:42,2022-10-20
4741,99,45,1550,1666287568,0.0,55,1,34,,WTI-22OCT20-B84.5,between,84.99,84.0,,$84 to 84.99,finalized,2022-10-20 17:39:28,2022-10-20
4742,99,65,1550,1666287586,0.0,35,1,34,,WTI-22OCT20-B84.5,between,84.99,84.0,,$84 to 84.99,finalized,2022-10-20 17:39:46,2022-10-20
4743,99,45,1550,1666287727,0.0,55,1,34,,WTI-22OCT20-B84.5,between,84.99,84.0,,$84 to 84.99,finalized,2022-10-20 17:42:07,2022-10-20
4744,99,75,1550,1666287738,0.0,25,1,34,,WTI-22OCT20-B84.5,between,84.99,84.0,,$84 to 84.99,finalized,2022-10-20 17:42:18,2022-10-20
4745,99,75,1560,1666287744,10.0,25,1,25,,WTI-22OCT20-B84.5,between,84.99,84.0,,$84 to 84.99,finalized,2022-10-20 17:42:24,2022-10-20
4746,75,45,1561,1666287751,1.0,55,25,25,,WTI-22OCT20-B84.5,between,84.99,84.0,,$84 to 84.99,finalized,2022-10-20 17:42:31,2022-10-20
4747,100,0,1517,1666288493,1.0,100,0,55,,WTI-22OCT20-B85.5,between,85.99,85.0,,$85 to 85.99,finalized,2022-10-20 17:54:53,2022-10-20
4748,100,77,797,1666288559,0.0,23,0,1,,WTI-22OCT20-B87.5,between,87.99,87.0,,$87 to 87.99,finalized,2022-10-20 17:55:59,2022-10-20
4749,99,0,1517,1666288946,0.0,100,1,55,,WTI-22OCT20-B85.5,between,85.99,85.0,,$85 to 85.99,finalized,2022-10-20 18:02:26,2022-10-20
4750,99,55,1324,1666288952,0.0,45,1,6,,WTI-22OCT20-B86.5,between,86.99,86.0,,$86 to 86.99,finalized,2022-10-20 18:02:32,2022-10-20
4751,98,70,1588,1666289484,20.0,30,2,2,,WTI-22OCT20-B83.5,between,83.99,83.0,,$83 to 83.99,finalized,2022-10-20 18:11:24,2022-10-20
4752,45,0,1562,1666289759,1.0,100,55,55,,WTI-22OCT20-B84.5,between,84.99,84.0,,$84 to 84.99,finalized,2022-10-20 18:15:59,2022-10-20
4753,100,55,1379,1666289791,55.0,45,0,1,,WTI-22OCT20-B86.5,between,86.99,86.0,,$86 to 86.99,finalized,2022-10-20 18:16:31,2022-10-20
4754,75,0,1562,1666289931,0.0,100,25,55,,WTI-22OCT20-B84.5,between,84.99,84.0,,$84 to 84.99,finalized,2022-10-20 18:18:51,2022-10-20
4755,98,55,1588,1666289949,0.0,45,2,2,,WTI-22OCT20-B83.5,between,83.99,83.0,,$83 to 83.99,finalized,2022-10-20 18:19:09,2022-10-20
4756,75,0,1517,1666290009,0.0,100,25,55,,WTI-22OCT20-B85.5,between,85.99,85.0,,$85 to 85.99,finalized,2022-10-20 18:20:09,2022-10-20
4757,99,0,1562,1666290025,10.0,100,1,25,,WTI-22OCT20-B84.5,between,84.99,84.0,,$84 to 84.99,finalized,2022-10-20 18:20:25,2022-10-20
4758,99,0,1506,1666290121,11.0,100,1,25,,WTI-22OCT20-B85.5,between,85.99,85.0,,$85 to 85.99,finalized,2022-10-20 18:22:01,2022-10-20
4759,75,0,1562,1666290168,0.0,100,25,25,,WTI-22OCT20-B84.5,between,84.99,84.0,,$84 to 84.99,finalized,2022-10-20 18:22:48,2022-10-20
4760,75,0,1506,1666290178,0.0,100,25,25,,WTI-22OCT20-B85.5,between,85.99,85.0,,$85 to 85.99,finalized,2022-10-20 18:22:58,2022-10-20
4761,75,60,1506,1666290282,0.0,40,25,25,,WTI-22OCT20-B85.5,between,85.99,85.0,,$85 to 85.99,finalized,2022-10-20 18:24:42,2022-10-20
4762,75,0,1506,1666290337,5.0,100,25,40,,WTI-22OCT20-B85.5,between,85.99,85.0,,$85 to 85.99,finalized,2022-10-20 18:25:37,2022-10-20
4763,99,0,1562,1666290349,0.0,100,1,25,,WTI-22OCT20-B84.5,between,84.99,84.0,,$84 to 84.99,finalized,2022-10-20 18:25:49,2022-10-20
4764,99,0,1506,1666290353,0.0,100,1,40,,WTI-22OCT20-B85.5,between,85.99,85.0,,$85 to 85.99,finalized,2022-10-20 18:25:53,2022-10-20
4765,40,0,1562,1666290437,0.0,100,60,25,,WTI-22OCT20-B84.5,between,84.99,84.0,,$84 to 84.99,finalized,2022-10-20 18:27:17,2022-10-20
4766,99,0,1562,1666290449,1.0,100,1,60,,WTI-22OCT20-B84.5,between,84.99,84.0,,$84 to 84.99,finalized,2022-10-20 18:27:29,2022-10-20
4767,100,55,1588,1666290471,0.0,45,0,2,,WTI-22OCT20-B83.5,between,83.99,83.0,,$83 to 83.99,finalized,2022-10-20 18:27:51,2022-10-20
4768,100,0,1506,1666290478,55.0,100,0,1,,WTI-22OCT20-B85.5,between,85.99,85.0,,$85 to 85.99,finalized,2022-10-20 18:27:58,2022-10-20
4769,40,0,1562,1666290491,0.0,100,60,60,,WTI-22OCT20-B84.5,between,84.99,84.0,,$84 to 84.99,finalized,2022-10-20 18:28:11,2022-10-20
4770,40,5,1562,1666290494,0.0,95,60,60,,WTI-22OCT20-B84.5,between,84.99,84.0,,$84 to 84.99,finalized,2022-10-20 18:28:14,2022-10-20
4771,40,0,1562,1666290499,5.0,100,60,95,,WTI-22OCT20-B84.5,between,84.99,84.0,,$84 to 84.99,finalized,2022-10-20 18:28:19,2022-10-20
4772,100,55,733,1666310106,0.0,45,0,4,,WTI-22OCT20-B82.5,between,82.99,82.0,,$82 to 82.99,finalized,2022-10-20 23:55:06,2022-10-20
4773,100,55,1588,1666310106,0.0,45,0,2,,WTI-22OCT20-B83.5,between,83.99,83.0,,$83 to 83.99,finalized,2022-10-20 23:55:06,2022-10-20
4774,40,0,1562,1666310106,0.0,100,60,95,,WTI-22OCT20-B84.5,between,84.99,84.0,,$84 to 84.99,finalized,2022-10-20 23:55:06,2022-10-20
4775,100,0,1506,1666310106,0.0,100,0,1,,WTI-22OCT20-B85.5,between,85.99,85.0,,$85 to 85.99,finalized,2022-10-20 23:55:06,2022-10-20
4776,100,55,1379,1666310106,0.0,45,0,1,,WTI-22OCT20-B86.5,between,86.99,86.0,,$86 to 86.99,finalized,2022-10-20 23:55:06,2022-10-20
4777,100,77,797,1666310106,0.0,23,0,1,,WTI-22OCT20-B87.5,between,87.99,87.0,,$87 to 87.99,finalized,2022-10-20 23:55:06,2022-10-20
4778,100,99,514,1666310106,0.0,1,0,4,,WTI-22OCT20-B88.5,between,88.99,88.0,,$88 to 88.99,finalized,2022-10-20 23:55:06,2022-10-20
4779,100,55,410,1666310106,0.0,45,0,6,,WTI-22OCT20-B89.5,between,89.99,89.0,,$89 to 89.99,finalized,2022-10-20 23:55:06,2022-10-20
4780,100,55,232,1666310106,0.0,45,0,4,,WTI-22OCT20-T82,less,81.99,,,$81.99 or lower,finalized,2022-10-20 23:55:06,2022-10-20
4781,100,55,480,1666310106,0.0,45,0,5,,WTI-22OCT20-T89.99,greater,,90.0,,$90 or higher,finalized,2022-10-20 23:55:06,2022-10-20
